#
# VERSION#2
# DATE#08/09/2015 (3)
# TIME#14:48:43
# DATETIME#3524568523
# PROTOCOLDEF##	Stimulus	Name	In	Out	Sweep	Rep	Wait	Group	Execute	Trig	
# PROTOCOL#7	30	APWaveform	0;1;2;3	0;1;2;3	6	0	0	ECall			
# STIMULUSDEF##	Name	Analog	Parameters	Digital	Units	Scale	Sampling	Duration	
# STIMULUS0#30	APWaveform	Pulse($, 0.005, 0.05)	200:40:400		A	1e-12	50	0.06	
# SWEEPNUM#5/6
# GROUP#ECall
# EXECUTE#
# TRIG#
# 
# PATTERN#30
# IN#0;1;2;3
# OUT#0;1;2;3
# SWEEP#6
# REP#0
# WAIT#0
# PATTERNNAME0#APWaveform
# ANALOG0#Pulse($, 0.005, 0.05)
# SWEEP0#200:40:400
# DIGITAL0#
# UNITS0#A
# GAIN0#1e-12
# SAMPLING0#50
# DURATION0#0.06
# DACNAME0#DAC0
# DACUNITS0#V
# DACGAIN0#2.5e9
# DACSCALE0#2.5
# {
#    "topFullScale": 0.0, 
#    "fsValid": 0, 
#    "dLock": 0, 
#    "dataUnits": [
#        "V", 
#        "", 
#        "", 
#        ""
#    ], 
#    "formula": 0, 
#    "dimLabels": [
#        0, 
#        0, 
#        0, 
#        0
#    ], 
#    "depID": 3224, 
#    "next": 469661396, 
#    "whUnused": [
#        1, 
#        1, 
#        0, 
#        0, 
#        0, 
#        0, 
#        0, 
#        0, 
#        0, 
#        0, 
#        0, 
#        0, 
#        0, 
#        0, 
#        0, 
#        0
#    ], 
#    "swModified": 0, 
#    "whpad4": 2, 
#    "whpad2": 0, 
#    "whpad3": 0, 
#    "whpad1": [
#        "", 
#        "", 
#        "", 
#        "", 
#        "", 
#        ""
#    ], 
#    "modDate": 3568124597, 
#    "waveNoteH": 469661392, 
#    "dimEUnits": [
#        0, 
#        0, 
#        0, 
#        0
#    ], 
#    "wModified": 1, 
#    "type": 2, 
#    "useBits": "\u0000", 
#    "botFullScale": 0.0, 
#    "whVersion": 1, 
#    "dimUnits": [
#        [
#            "s", 
#            "", 
#            "", 
#            ""
#        ], 
#        [
#            "", 
#            "", 
#            "", 
#            ""
#        ], 
#        [
#            "", 
#            "", 
#            "", 
#            ""
#        ], 
#        [
#            "", 
#            "", 
#            "", 
#            ""
#        ]
#    ], 
#    "fileName": 0, 
#    "aModified": 0, 
#    "creationDate": 3524568523, 
#    "dataEUnits": 0, 
#    "dFolder": 21357220, 
#    "nDim": [
#        1200, 
#        0, 
#        0, 
#        0
#    ], 
#    "kindBits": "\u0000", 
#    "npnts": 1200, 
#    "bname": "ECall_APWaveform_ch2_526", 
#    "srcFldr": 0, 
#    "sIndices": 0, 
#    "sfB": [
#        0.0, 
#        0.0, 
#        0.0, 
#        0.0
#    ], 
#    "sfA": [
#        5e-05, 
#        1.0, 
#        1.0, 
#        1.0
#    ]
#}
0	103.125
0.05	102.5
0.1	102.5
0.15	103.75
0.2	103.125
0.25	102.5
0.3	103.125
0.35	102.5
0.4	102.5
0.45	101.875
0.5	102.5
0.55	103.125
0.6	103.75
0.65	101.875
0.7	103.75
0.75	102.5
0.8	102.5
0.85	102.5
0.9	102.5
0.95	102.5
1	102.5
1.05	103.75
1.1	102.5
1.15	103.125
1.2	103.125
1.25	103.75
1.3	102.5
1.35	103.75
1.4	103.125
1.45	102.5
1.5	102.5
1.55	104.375
1.6	102.5
1.65	102.5
1.7	102.5
1.75	103.125
1.8	103.125
1.85	101.875
1.9	102.5
1.95	103.125
2	102.5
2.05	103.75
2.1	105
2.15	103.75
2.2	102.5
2.25	103.75
2.3	103.75
2.35	103.125
2.4	103.125
2.45	102.5
2.5	102.5
2.55	102.5
2.6	103.125
2.65	102.5
2.7	102.5
2.75	103.125
2.8	102.5
2.85	102.5
2.9	103.125
2.95	103.125
3	101.875
3.05	103.75
3.1	103.125
3.15	103.75
3.2	103.125
3.25	103.125
3.3	102.5
3.35	102.5
3.4	102.5
3.45	103.125
3.5	103.75
3.55	102.5
3.6	103.125
3.65	102.5
3.7	103.75
3.75	103.125
3.8	103.125
3.85	103.125
3.9	102.5
3.95	103.125
4	101.875
4.05	100.625
4.1	104.375
4.15	101.875
4.2	103.125
4.25	101.875
4.3	103.125
4.35	103.75
4.4	101.875
4.45	103.75
4.5	103.125
4.55	102.5
4.6	102.5
4.65	103.75
4.7	103.75
4.75	102.5
4.8	103.125
4.85	103.75
4.9	103.125
4.95	102.5
5	102.5
5.05	1370
5.1	1593.75
5.15	1602.5
5.2	1605
5.25	1605
5.3	1605
5.35	1605.62
5.4	1605.62
5.45	1606.25
5.5	1605.62
5.55	1605.62
5.6	1605
5.65	1604.38
5.7	1605.62
5.75	1605.62
5.8	1605.62
5.85	1605
5.9	1605.62
5.95	1605
6	1605
6.05	1606.25
6.1	1605.62
6.15	1605
6.2	1606.25
6.25	1605.62
6.3	1605.62
6.35	1605
6.4	1605
6.45	1605
6.5	1606.25
6.55	1605
6.6	1606.25
6.65	1606.25
6.7	1606.25
6.75	1605
6.8	1605
6.85	1605
6.9	1605
6.95	1605.62
7	1603.75
7.05	1605
7.1	1605
7.15	1606.25
7.2	1605.62
7.25	1604.38
7.3	1605
7.35	1605
7.4	1605
7.45	1605.62
7.5	1606.25
7.55	1605.62
7.6	1604.38
7.65	1606.25
7.7	1605.62
7.75	1605
7.8	1606.25
7.85	1605
7.9	1605.62
7.95	1605.62
8	1604.38
8.05	1605.62
8.1	1605.62
8.15	1604.38
8.2	1604.38
8.25	1605
8.3	1605.62
8.35	1606.25
8.4	1605.62
8.45	1606.25
8.5	1605.62
8.55	1605
8.6	1605
8.65	1606.25
8.7	1605.62
8.75	1605.62
8.8	1603.75
8.85	1606.25
8.9	1604.38
8.95	1605
9	1605.62
9.05	1605
9.1	1605.62
9.15	1605.62
9.2	1605.62
9.25	1606.25
9.3	1606.25
9.35	1605
9.4	1606.25
9.45	1605
9.5	1605.62
9.55	1605
9.6	1607.5
9.65	1605.62
9.7	1606.25
9.75	1605.62
9.8	1605
9.85	1606.25
9.9	1605.62
9.95	1604.38
10	1605
10.05	1606.25
10.1	1605.62
10.15	1605
10.2	1605.62
10.25	1605
10.3	1606.25
10.35	1605
10.4	1605.62
10.45	1606.25
10.5	1605.62
10.55	1605
10.6	1605
10.65	1605.62
10.7	1605
10.75	1605.62
10.8	1605
10.85	1605
10.9	1605
10.95	1605
11	1606.25
11.05	1605
11.1	1605.62
11.15	1606.25
11.2	1604.38
11.25	1605.62
11.3	1605
11.35	1605.62
11.4	1605.62
11.45	1605.62
11.5	1605
11.55	1603.75
11.6	1605.62
11.65	1604.38
11.7	1605.62
11.75	1605
11.8	1606.88
11.85	1605.62
11.9	1605.62
11.95	1606.25
12	1606.25
12.05	1606.25
12.1	1605.62
12.15	1605.62
12.2	1605.62
12.25	1606.25
12.3	1605
12.35	1605.62
12.4	1606.25
12.45	1605
12.5	1604.38
12.55	1606.25
12.6	1604.38
12.65	1605
12.7	1605.62
12.75	1605
12.8	1605.62
12.85	1606.25
12.9	1606.25
12.95	1605.62
13	1606.25
13.05	1606.25
13.1	1605
13.15	1605
13.2	1606.88
13.25	1605.62
13.3	1605.62
13.35	1605
13.4	1606.25
13.45	1606.88
13.5	1605
13.55	1605.62
13.6	1606.25
13.65	1605
13.7	1605
13.75	1604.38
13.8	1606.25
13.85	1606.25
13.9	1605
13.95	1605.62
14	1605
14.05	1605.62
14.1	1605.62
14.15	1605.62
14.2	1605.62
14.25	1606.25
14.3	1605
14.35	1605
14.4	1605.62
14.45	1606.25
14.5	1606.25
14.55	1606.25
14.6	1605.62
14.65	1606.25
14.7	1606.25
14.75	1605.62
14.8	1605.62
14.85	1605
14.9	1606.25
14.95	1605
15	1605.62
15.05	1605.62
15.1	1606.25
15.15	1606.25
15.2	1605.62
15.25	1605.62
15.3	1605.62
15.35	1605.62
15.4	1605
15.45	1606.25
15.5	1605
15.55	1605.62
15.6	1605.62
15.65	1605
15.7	1605
15.75	1606.25
15.8	1606.25
15.85	1605
15.9	1605
15.95	1605.62
16	1605.62
16.05	1605.62
16.1	1605.62
16.15	1605.62
16.2	1606.25
16.25	1605.62
16.3	1606.25
16.35	1606.25
16.4	1606.25
16.45	1606.88
16.5	1606.25
16.55	1607.5
16.6	1605.62
16.65	1606.25
16.7	1606.25
16.75	1605.62
16.8	1605
16.85	1605
16.9	1605.62
16.95	1605.62
17	1606.25
17.05	1605.62
17.1	1605.62
17.15	1605.62
17.2	1606.88
17.25	1605
17.3	1605.62
17.35	1605.62
17.4	1606.25
17.45	1605.62
17.5	1606.25
17.55	1605
17.6	1606.25
17.65	1605.62
17.7	1606.25
17.75	1605.62
17.8	1606.25
17.85	1606.25
17.9	1605.62
17.95	1605.62
18	1605
18.05	1606.25
18.1	1604.38
18.15	1605.62
18.2	1605
18.25	1606.25
18.3	1606.88
18.35	1606.88
18.4	1605.62
18.45	1605.62
18.5	1605.62
18.55	1605.62
18.6	1605
18.65	1605.62
18.7	1605.62
18.75	1606.25
18.8	1605.62
18.85	1606.25
18.9	1605
18.95	1605.62
19	1605
19.05	1606.25
19.1	1605
19.15	1605
19.2	1605.62
19.25	1605.62
19.3	1606.25
19.35	1605.62
19.4	1605
19.45	1605
19.5	1606.88
19.55	1605.62
19.6	1605
19.65	1606.25
19.7	1605
19.75	1605
19.8	1605.62
19.85	1605
19.9	1605.62
19.95	1605.62
20	1605
20.05	1605.62
20.1	1605.62
20.15	1606.25
20.2	1605
20.25	1606.25
20.3	1605
20.35	1606.25
20.4	1604.38
20.45	1605
20.5	1606.25
20.55	1606.25
20.6	1606.25
20.65	1605.62
20.7	1605.62
20.75	1605.62
20.8	1606.25
20.85	1605.62
20.9	1605.62
20.95	1605
21	1605.62
21.05	1606.25
21.1	1605.62
21.15	1605.62
21.2	1606.25
21.25	1605.62
21.3	1605.62
21.35	1606.25
21.4	1605.62
21.45	1605
21.5	1604.38
21.55	1606.25
21.6	1605.62
21.65	1605
21.7	1603.75
21.75	1605.62
21.8	1604.38
21.85	1605
21.9	1606.88
21.95	1606.25
22	1605.62
22.05	1605
22.1	1605
22.15	1605
22.2	1605.62
22.25	1605
22.3	1605
22.35	1604.38
22.4	1605.62
22.45	1605.62
22.5	1605
22.55	1606.25
22.6	1606.25
22.65	1606.25
22.7	1606.25
22.75	1605.62
22.8	1605.62
22.85	1606.25
22.9	1606.25
22.95	1606.25
23	1605.62
23.05	1605
23.1	1606.25
23.15	1605
23.2	1605.62
23.25	1606.25
23.3	1606.25
23.35	1605
23.4	1605.62
23.45	1605
23.5	1605
23.55	1605.62
23.6	1605.62
23.65	1605
23.7	1605.62
23.75	1604.38
23.8	1605.62
23.85	1606.25
23.9	1605
23.95	1605.62
24	1606.88
24.05	1605.62
24.1	1604.38
24.15	1605.62
24.2	1605
24.25	1606.25
24.3	1604.38
24.35	1605.62
24.4	1605
24.45	1605.62
24.5	1605
24.55	1606.25
24.6	1606.25
24.65	1603.75
24.7	1605
24.75	1605.62
24.8	1605.62
24.85	1606.25
24.9	1605
24.95	1605
25	1605.62
25.05	1605.62
25.1	1604.38
25.15	1605.62
25.2	1605.62
25.25	1605.62
25.3	1605.62
25.35	1605.62
25.4	1605.62
25.45	1605.62
25.5	1605.62
25.55	1605
25.6	1605.62
25.65	1605.62
25.7	1605.62
25.75	1605.62
25.8	1606.25
25.85	1606.25
25.9	1605.62
25.95	1605
26	1605
26.05	1606.25
26.1	1606.25
26.15	1604.38
26.2	1606.25
26.25	1605.62
26.3	1605
26.35	1604.38
26.4	1605
26.45	1605
26.5	1605.62
26.55	1604.38
26.6	1607.5
26.65	1605.62
26.7	1605.62
26.75	1605
26.8	1605
26.85	1604.38
26.9	1605.62
26.95	1605.62
27	1605.62
27.05	1605
27.1	1605.62
27.15	1606.25
27.2	1605.62
27.25	1605.62
27.3	1604.38
27.35	1605.62
27.4	1605.62
27.45	1606.25
27.5	1605.62
27.55	1605
27.6	1605.62
27.65	1605
27.7	1606.25
27.75	1605
27.8	1605
27.85	1606.25
27.9	1604.38
27.95	1605.62
28	1604.38
28.05	1605
28.1	1605
28.15	1606.25
28.2	1604.38
28.25	1605.62
28.3	1605
28.35	1605
28.4	1605.62
28.45	1605.62
28.5	1606.25
28.55	1606.25
28.6	1606.25
28.65	1606.25
28.7	1606.25
28.75	1605
28.8	1605
28.85	1606.88
28.9	1605
28.95	1605
29	1606.25
29.05	1606.25
29.1	1606.25
29.15	1605
29.2	1605.62
29.25	1606.25
29.3	1605.62
29.35	1606.25
29.4	1605
29.45	1606.25
29.5	1605.62
29.55	1606.25
29.6	1606.25
29.65	1605.62
29.7	1605.62
29.75	1605
29.8	1606.25
29.85	1605.62
29.9	1606.25
29.95	1606.25
30	1605
30.05	1606.25
30.1	1605.62
30.15	1605
30.2	1605.62
30.25	1605
30.3	1605.62
30.35	1606.88
30.4	1606.25
30.45	1606.25
30.5	1604.38
30.55	1605
30.6	1605.62
30.65	1605.62
30.7	1605.62
30.75	1605
30.8	1605
30.85	1605.62
30.9	1607.5
30.95	1606.88
31	1605
31.05	1605
31.1	1606.88
31.15	1604.38
31.2	1605.62
31.25	1604.38
31.3	1606.25
31.35	1605
31.4	1606.25
31.45	1605
31.5	1605.62
31.55	1606.25
31.6	1605
31.65	1605.62
31.7	1605
31.75	1605
31.8	1605.62
31.85	1606.25
31.9	1605.62
31.95	1604.38
32	1604.38
32.05	1605.62
32.1	1605
32.15	1605
32.2	1605.62
32.25	1605
32.3	1606.25
32.35	1605
32.4	1605.62
32.45	1605
32.5	1605
32.55	1606.88
32.6	1605.62
32.65	1605.62
32.7	1605.62
32.75	1605
32.8	1606.25
32.85	1605.62
32.9	1605.62
32.95	1605.62
33	1605.62
33.05	1605.62
33.1	1606.25
33.15	1605
33.2	1605.62
33.25	1605
33.3	1605
33.35	1606.25
33.4	1605
33.45	1606.25
33.5	1605
33.55	1605.62
33.6	1605.62
33.65	1605
33.7	1605
33.75	1605
33.8	1605
33.85	1605.62
33.9	1606.88
33.95	1605.62
34	1606.25
34.05	1605
34.1	1606.25
34.15	1604.38
34.2	1606.25
34.25	1605.62
34.3	1606.25
34.35	1606.25
34.4	1604.38
34.45	1605.62
34.5	1606.25
34.55	1605
34.6	1605.62
34.65	1605.62
34.7	1606.25
34.75	1603.75
34.8	1605.62
34.85	1606.25
34.9	1605.62
34.95	1605.62
35	1605
35.05	1606.25
35.1	1606.25
35.15	1604.38
35.2	1605
35.25	1606.25
35.3	1606.25
35.35	1605
35.4	1605
35.45	1606.88
35.5	1605.62
35.55	1605.62
35.6	1606.88
35.65	1606.25
35.7	1606.25
35.75	1605
35.8	1605.62
35.85	1605
35.9	1605.62
35.95	1606.25
36	1606.25
36.05	1605
36.1	1606.25
36.15	1606.25
36.2	1605
36.25	1606.25
36.3	1606.25
36.35	1605
36.4	1605.62
36.45	1606.25
36.5	1605.62
36.55	1606.25
36.6	1605.62
36.65	1606.25
36.7	1605.62
36.75	1605.62
36.8	1606.25
36.85	1606.25
36.9	1605
36.95	1605.62
37	1606.25
37.05	1605.62
37.1	1605
37.15	1606.25
37.2	1605
37.25	1605.62
37.3	1606.25
37.35	1605.62
37.4	1605.62
37.45	1606.88
37.5	1605.62
37.55	1606.25
37.6	1605.62
37.65	1605
37.7	1605
37.75	1605.62
37.8	1605.62
37.85	1605.62
37.9	1605
37.95	1605
38	1603.75
38.05	1605.62
38.1	1605
38.15	1604.38
38.2	1606.25
38.25	1605.62
38.3	1606.88
38.35	1605
38.4	1606.25
38.45	1606.25
38.5	1605.62
38.55	1605.62
38.6	1606.25
38.65	1605.62
38.7	1605
38.75	1605
38.8	1605
38.85	1605.62
38.9	1604.38
38.95	1605
39	1605
39.05	1603.75
39.1	1605
39.15	1604.38
39.2	1605.62
39.25	1605
39.3	1605
39.35	1605
39.4	1606.25
39.45	1605
39.5	1605
39.55	1605
39.6	1606.25
39.65	1605.62
39.7	1606.25
39.75	1605
39.8	1606.88
39.85	1605
39.9	1605.62
39.95	1606.88
40	1605
40.05	1606.25
40.1	1605
40.15	1606.25
40.2	1605
40.25	1605
40.3	1606.25
40.35	1605
40.4	1604.38
40.45	1606.25
40.5	1605.62
40.55	1606.25
40.6	1605.62
40.65	1605.62
40.7	1604.38
40.75	1605
40.8	1605.62
40.85	1605.62
40.9	1605
40.95	1605.62
41	1605.62
41.05	1605.62
41.1	1605.62
41.15	1606.88
41.2	1606.88
41.25	1605.62
41.3	1605.62
41.35	1605.62
41.4	1604.38
41.45	1605
41.5	1605
41.55	1605
41.6	1604.38
41.65	1605
41.7	1605.62
41.75	1605.62
41.8	1605.62
41.85	1605
41.9	1605.62
41.95	1606.25
42	1605
42.05	1605
42.1	1605.62
42.15	1605.62
42.2	1605.62
42.25	1605
42.3	1605
42.35	1606.25
42.4	1605.62
42.45	1605.62
42.5	1606.25
42.55	1605
42.6	1605.62
42.65	1606.25
42.7	1605
42.75	1606.25
42.8	1605
42.85	1605.62
42.9	1605
42.95	1605.62
43	1606.25
43.05	1606.25
43.1	1606.25
43.15	1606.25
43.2	1605.62
43.25	1606.25
43.3	1606.25
43.35	1605.62
43.4	1605.62
43.45	1605
43.5	1605.62
43.55	1606.25
43.6	1605.62
43.65	1605
43.7	1606.25
43.75	1605.62
43.8	1606.25
43.85	1605.62
43.9	1606.88
43.95	1605.62
44	1605
44.05	1606.25
44.1	1605
44.15	1604.38
44.2	1605.62
44.25	1605
44.3	1605.62
44.35	1605.62
44.4	1605.62
44.45	1605.62
44.5	1605
44.55	1605
44.6	1605.62
44.65	1605.62
44.7	1605
44.75	1606.25
44.8	1605.62
44.85	1605.62
44.9	1605.62
44.95	1605.62
45	1606.25
45.05	1605.62
45.1	1605.62
45.15	1605
45.2	1605
45.25	1605.62
45.3	1605.62
45.35	1606.88
45.4	1605
45.45	1605.62
45.5	1606.25
45.55	1605
45.6	1606.25
45.65	1606.25
45.7	1606.25
45.75	1605.62
45.8	1605
45.85	1605
45.9	1604.38
45.95	1605
46	1605
46.05	1605.62
46.1	1606.25
46.15	1605.62
46.2	1605.62
46.25	1605
46.3	1606.25
46.35	1605.62
46.4	1606.25
46.45	1605
46.5	1605.62
46.55	1605
46.6	1605.62
46.65	1605
46.7	1605.62
46.75	1605.62
46.8	1604.38
46.85	1605.62
46.9	1606.25
46.95	1606.88
47	1606.25
47.05	1605
47.1	1606.25
47.15	1605
47.2	1605.62
47.25	1605
47.3	1605.62
47.35	1605
47.4	1606.25
47.45	1605
47.5	1605
47.55	1607.5
47.6	1606.25
47.65	1605
47.7	1606.25
47.75	1605.62
47.8	1605.62
47.85	1606.88
47.9	1605.62
47.95	1605.62
48	1606.25
48.05	1605.62
48.1	1605.62
48.15	1606.25
48.2	1605
48.25	1604.38
48.3	1605.62
48.35	1605
48.4	1605.62
48.45	1605.62
48.5	1605
48.55	1605
48.6	1606.25
48.65	1605
48.7	1605.62
48.75	1606.25
48.8	1605
48.85	1605.62
48.9	1606.25
48.95	1605
49	1606.25
49.05	1605.62
49.1	1605.62
49.15	1606.25
49.2	1605.62
49.25	1605
49.3	1606.25
49.35	1605
49.4	1605
49.45	1605.62
49.5	1606.25
49.55	1605
49.6	1605
49.65	1606.25
49.7	1606.25
49.75	1605
49.8	1604.38
49.85	1605
49.9	1606.25
49.95	1605.62
50	1605.62
50.05	1605
50.1	1605
50.15	1605
50.2	1606.25
50.25	1605
50.3	1605
50.35	1605
50.4	1605.62
50.45	1605.62
50.5	1605
50.55	1605
50.6	1606.25
50.65	1606.25
50.7	1605
50.75	1605.62
50.8	1604.38
50.85	1604.38
50.9	1605.62
50.95	1605.62
51	1605.62
51.05	1605.62
51.1	1605.62
51.15	1606.25
51.2	1604.38
51.25	1606.25
51.3	1606.25
51.35	1605.62
51.4	1606.25
51.45	1605
51.5	1605.62
51.55	1605.62
51.6	1605.62
51.65	1606.25
51.7	1606.25
51.75	1606.88
51.8	1605
51.85	1605
51.9	1605.62
51.95	1605.62
52	1605.62
52.05	1605.62
52.1	1606.25
52.15	1605
52.2	1605.62
52.25	1605
52.3	1605
52.35	1604.38
52.4	1605.62
52.45	1606.25
52.5	1605.62
52.55	1605.62
52.6	1605.62
52.65	1605.62
52.7	1605.62
52.75	1605
52.8	1605
52.85	1605
52.9	1605
52.95	1606.25
53	1605
53.05	1605.62
53.1	1605
53.15	1605.62
53.2	1606.25
53.25	1606.25
53.3	1605.62
53.35	1605.62
53.4	1605
53.45	1605.62
53.5	1605.62
53.55	1605
53.6	1605.62
53.65	1605
53.7	1604.38
53.75	1605.62
53.8	1606.25
53.85	1606.25
53.9	1605.62
53.95	1605.62
54	1605
54.05	1605.62
54.1	1605.62
54.15	1605
54.2	1605
54.25	1605
54.3	1605.62
54.35	1605.62
54.4	1606.88
54.45	1605
54.5	1604.38
54.55	1606.25
54.6	1605.62
54.65	1605.62
54.7	1605.62
54.75	1606.25
54.8	1604.38
54.85	1606.25
54.9	1605.62
54.95	1605
55	1606.25
55.05	1605.62
55.1	339.375
55.15	113.75
55.2	103.75
55.25	103.125
55.3	104.375
55.35	102.5
55.4	103.75
55.45	103.75
55.5	103.75
55.55	103.125
55.6	103.125
55.65	102.5
55.7	102.5
55.75	102.5
55.8	103.125
55.85	101.25
55.9	101.875
55.95	102.5
56	102.5
56.05	102.5
56.1	103.125
56.15	102.5
56.2	103.75
56.25	101.875
56.3	103.75
56.35	102.5
56.4	102.5
56.45	102.5
56.5	103.125
56.55	103.75
56.6	103.125
56.65	103.75
56.7	103.75
56.75	103.125
56.8	103.125
56.85	103.125
56.9	103.125
56.95	103.125
57	103.75
57.05	103.125
57.1	103.125
57.15	103.125
57.2	103.75
57.25	103.75
57.3	103.75
57.35	103.125
57.4	103.125
57.45	103.75
57.5	103.125
57.55	103.125
57.6	101.875
57.65	103.75
57.7	102.5
57.75	103.125
57.8	102.5
57.85	102.5
57.9	102.5
57.95	103.125
58	104.375
58.05	102.5
58.1	103.125
58.15	102.5
58.2	102.5
58.25	103.125
58.3	103.125
58.35	103.75
58.4	102.5
58.45	102.5
58.5	102.5
58.55	103.125
58.6	101.875
58.65	103.125
58.7	103.75
58.75	103.75
58.8	103.125
58.85	103.75
58.9	102.5
58.95	103.75
59	102.5
59.05	103.125
59.1	101.875
59.15	102.5
59.2	102.5
59.25	103.125
59.3	103.75
59.35	102.5
59.4	103.75
59.45	103.125
59.5	103.75
59.55	102.5
59.6	103.125
59.65	103.125
59.7	103.125
59.75	103.75
59.8	101.875
59.85	103.125
59.9	103.75
59.95	103.125
