#
# VERSION#2
# DATE#08/09/2015 (3)
# TIME#14:48:39
# DATETIME#3524568519
# PROTOCOLDEF##	Stimulus	Name	In	Out	Sweep	Rep	Wait	Group	Execute	Trig	
# PROTOCOL#7	30	APWaveform	0;1;2;3	0;1;2;3	6	0	0	ECall			
# STIMULUSDEF##	Name	Analog	Parameters	Digital	Units	Scale	Sampling	Duration	
# STIMULUS0#30	APWaveform	Pulse($, 0.005, 0.05)	200:40:400		A	1e-12	50	0.06	
# SWEEPNUM#0/6
# GROUP#ECall
# EXECUTE#
# TRIG#
# 
# PATTERN#30
# IN#0;1;2;3
# OUT#0;1;2;3
# SWEEP#6
# REP#0
# WAIT#0
# PATTERNNAME0#APWaveform
# ANALOG0#Pulse($, 0.005, 0.05)
# SWEEP0#200:40:400
# DIGITAL0#
# UNITS0#A
# GAIN0#1e-12
# SAMPLING0#50
# DURATION0#0.06
# DACNAME0#DAC0
# DACUNITS0#V
# DACGAIN0#2.5e9
# DACSCALE0#2.5
# {
#    "topFullScale": 0.0, 
#    "fsValid": 0, 
#    "dLock": 0, 
#    "dataUnits": [
#        "V", 
#        "", 
#        "", 
#        ""
#    ], 
#    "formula": 0, 
#    "dimLabels": [
#        0, 
#        0, 
#        0, 
#        0
#    ], 
#    "depID": 3164, 
#    "next": 469661212, 
#    "whUnused": [
#        1, 
#        1, 
#        0, 
#        0, 
#        0, 
#        0, 
#        0, 
#        0, 
#        0, 
#        0, 
#        0, 
#        0, 
#        0, 
#        0, 
#        0, 
#        0
#    ], 
#    "swModified": 0, 
#    "whpad4": 2, 
#    "whpad2": 0, 
#    "whpad3": 0, 
#    "whpad1": [
#        "", 
#        "", 
#        "", 
#        "", 
#        "", 
#        ""
#    ], 
#    "modDate": 3568124597, 
#    "waveNoteH": 469661208, 
#    "dimEUnits": [
#        0, 
#        0, 
#        0, 
#        0
#    ], 
#    "wModified": 1, 
#    "type": 2, 
#    "useBits": "\u0000", 
#    "botFullScale": 0.0, 
#    "whVersion": 1, 
#    "dimUnits": [
#        [
#            "s", 
#            "", 
#            "", 
#            ""
#        ], 
#        [
#            "", 
#            "", 
#            "", 
#            ""
#        ], 
#        [
#            "", 
#            "", 
#            "", 
#            ""
#        ], 
#        [
#            "", 
#            "", 
#            "", 
#            ""
#        ]
#    ], 
#    "fileName": 0, 
#    "aModified": 0, 
#    "creationDate": 3524568519, 
#    "dataEUnits": 0, 
#    "dFolder": 21357220, 
#    "nDim": [
#        1200, 
#        0, 
#        0, 
#        0
#    ], 
#    "kindBits": "\u0000", 
#    "npnts": 1200, 
#    "bname": "ECall_APWaveform_ch2_521", 
#    "srcFldr": 0, 
#    "sIndices": 0, 
#    "sfB": [
#        0.0, 
#        0.0, 
#        0.0, 
#        0.0
#    ], 
#    "sfA": [
#        5e-05, 
#        1.0, 
#        1.0, 
#        1.0
#    ]
#}
0	103.75
0.05	103.75
0.1	103.75
0.15	103.125
0.2	103.125
0.25	102.5
0.3	103.75
0.35	102.5
0.4	102.5
0.45	101.875
0.5	103.75
0.55	105
0.6	102.5
0.65	103.125
0.7	102.5
0.75	102.5
0.8	101.875
0.85	102.5
0.9	103.125
0.95	103.125
1	102.5
1.05	102.5
1.1	103.125
1.15	101.875
1.2	103.125
1.25	102.5
1.3	103.125
1.35	102.5
1.4	103.125
1.45	103.125
1.5	101.875
1.55	103.125
1.6	103.75
1.65	103.75
1.7	103.75
1.75	102.5
1.8	102.5
1.85	102.5
1.9	103.125
1.95	102.5
2	102.5
2.05	103.75
2.1	101.875
2.15	103.125
2.2	103.125
2.25	104.375
2.3	102.5
2.35	102.5
2.4	102.5
2.45	102.5
2.5	103.125
2.55	103.125
2.6	103.125
2.65	102.5
2.7	103.125
2.75	102.5
2.8	103.75
2.85	102.5
2.9	103.125
2.95	102.5
3	102.5
3.05	101.875
3.1	103.125
3.15	102.5
3.2	101.875
3.25	101.875
3.3	103.125
3.35	102.5
3.4	103.75
3.45	103.125
3.5	102.5
3.55	102.5
3.6	102.5
3.65	103.125
3.7	103.125
3.75	102.5
3.8	102.5
3.85	102.5
3.9	102.5
3.95	102.5
4	103.75
4.05	103.75
4.1	102.5
4.15	102.5
4.2	101.875
4.25	103.75
4.3	102.5
4.35	101.875
4.4	102.5
4.45	103.75
4.5	101.25
4.55	103.125
4.6	103.75
4.65	101.25
4.7	103.125
4.75	103.125
4.8	102.5
4.85	103.125
4.9	103.125
4.95	102.5
5	102.5
5.05	736.875
5.1	848.75
5.15	853.75
5.2	855
5.25	855
5.3	855.625
5.35	853.75
5.4	855
5.45	853.75
5.5	854.375
5.55	855
5.6	856.25
5.65	854.375
5.7	855
5.75	855
5.8	855
5.85	854.375
5.9	855
5.95	855.625
6	855
6.05	855.625
6.1	854.375
6.15	854.375
6.2	855
6.25	855.625
6.3	855
6.35	855
6.4	855
6.45	853.75
6.5	853.75
6.55	855
6.6	855
6.65	854.375
6.7	855
6.75	855.625
6.8	855.625
6.85	855.625
6.9	853.75
6.95	854.375
7	855
7.05	853.75
7.1	855.625
7.15	855.625
7.2	855.625
7.25	854.375
7.3	853.125
7.35	855
7.4	854.375
7.45	855.625
7.5	855.625
7.55	855
7.6	855
7.65	855.625
7.7	854.375
7.75	854.375
7.8	855
7.85	854.375
7.9	854.375
7.95	854.375
8	854.375
8.05	855
8.1	855
8.15	854.375
8.2	853.75
8.25	855
8.3	855
8.35	855
8.4	853.75
8.45	853.75
8.5	855
8.55	855.625
8.6	853.75
8.65	853.75
8.7	855
8.75	855
8.8	854.375
8.85	854.375
8.9	855
8.95	854.375
9	856.25
9.05	855
9.1	855
9.15	855.625
9.2	855.625
9.25	855
9.3	855
9.35	853.75
9.4	855
9.45	855
9.5	855.625
9.55	856.25
9.6	854.375
9.65	855.625
9.7	855.625
9.75	854.375
9.8	855
9.85	854.375
9.9	854.375
9.95	855
10	855.625
10.05	855.625
10.1	855
10.15	854.375
10.2	855
10.25	855
10.3	855
10.35	856.25
10.4	855.625
10.45	855
10.5	854.375
10.55	854.375
10.6	855.625
10.65	854.375
10.7	854.375
10.75	855.625
10.8	855
10.85	855
10.9	853.75
10.95	855
11	855
11.05	853.75
11.1	855
11.15	853.75
11.2	855
11.25	856.25
11.3	855.625
11.35	854.375
11.4	855
11.45	856.25
11.5	854.375
11.55	855
11.6	854.375
11.65	854.375
11.7	854.375
11.75	855
11.8	853.75
11.85	853.75
11.9	855
11.95	855
12	855
12.05	855
12.1	854.375
12.15	855
12.2	855
12.25	853.75
12.3	856.25
12.35	854.375
12.4	855.625
12.45	855.625
12.5	855.625
12.55	853.75
12.6	855
12.65	854.375
12.7	855
12.75	855
12.8	854.375
12.85	854.375
12.9	855
12.95	855
13	854.375
13.05	855
13.1	855
13.15	855
13.2	855
13.25	855
13.3	854.375
13.35	854.375
13.4	855.625
13.45	854.375
13.5	855
13.55	855
13.6	853.75
13.65	854.375
13.7	855.625
13.75	854.375
13.8	855.625
13.85	855.625
13.9	855
13.95	853.75
14	855.625
14.05	853.75
14.1	854.375
14.15	854.375
14.2	855
14.25	854.375
14.3	855
14.35	853.75
14.4	854.375
14.45	854.375
14.5	854.375
14.55	855
14.6	855
14.65	855
14.7	856.25
14.75	855
14.8	855
14.85	855
14.9	855
14.95	853.75
15	855.625
15.05	854.375
15.1	853.125
15.15	854.375
15.2	855
15.25	855
15.3	853.75
15.35	855
15.4	855
15.45	854.375
15.5	854.375
15.55	855
15.6	854.375
15.65	855.625
15.7	855
15.75	854.375
15.8	855
15.85	855
15.9	854.375
15.95	855.625
16	855
16.05	855.625
16.1	855
16.15	855
16.2	854.375
16.25	854.375
16.3	855.625
16.35	854.375
16.4	855
16.45	855
16.5	855
16.55	854.375
16.6	855.625
16.65	854.375
16.7	855.625
16.75	854.375
16.8	855
16.85	855
16.9	853.75
16.95	853.75
17	855
17.05	854.375
17.1	855
17.15	856.25
17.2	854.375
17.25	853.75
17.3	854.375
17.35	853.75
17.4	854.375
17.45	853.75
17.5	853.75
17.55	855
17.6	855
17.65	855
17.7	854.375
17.75	855.625
17.8	855
17.85	855
17.9	854.375
17.95	855
18	853.125
18.05	853.75
18.1	855
18.15	856.25
18.2	855.625
18.25	854.375
18.3	853.75
18.35	856.875
18.4	854.375
18.45	854.375
18.5	855.625
18.55	854.375
18.6	855.625
18.65	853.75
18.7	855
18.75	855
18.8	854.375
18.85	855
18.9	855.625
18.95	855
19	854.375
19.05	855.625
19.1	854.375
19.15	855
19.2	855.625
19.25	855
19.3	854.375
19.35	855
19.4	853.75
19.45	855
19.5	855.625
19.55	855.625
19.6	854.375
19.65	855
19.7	855
19.75	855
19.8	855.625
19.85	854.375
19.9	855.625
19.95	854.375
20	855
20.05	855
20.1	854.375
20.15	854.375
20.2	853.125
20.25	855.625
20.3	855
20.35	854.375
20.4	854.375
20.45	855
20.5	855
20.55	854.375
20.6	853.75
20.65	854.375
20.7	855
20.75	855
20.8	855
20.85	853.75
20.9	855.625
20.95	855
21	855
21.05	855.625
21.1	856.25
21.15	853.75
21.2	854.375
21.25	853.125
21.3	854.375
21.35	855
21.4	855
21.45	854.375
21.5	855
21.55	854.375
21.6	854.375
21.65	853.75
21.7	855
21.75	855
21.8	854.375
21.85	854.375
21.9	854.375
21.95	853.75
22	855
22.05	854.375
22.1	854.375
22.15	854.375
22.2	855
22.25	855.625
22.3	854.375
22.35	855.625
22.4	854.375
22.45	855.625
22.5	855.625
22.55	855.625
22.6	853.125
22.65	855
22.7	855
22.75	854.375
22.8	854.375
22.85	855
22.9	854.375
22.95	855
23	855
23.05	855
23.1	853.75
23.15	854.375
23.2	854.375
23.25	854.375
23.3	854.375
23.35	855
23.4	855
23.45	853.75
23.5	853.125
23.55	855
23.6	854.375
23.65	855
23.7	855
23.75	855
23.8	853.75
23.85	855
23.9	854.375
23.95	855
24	855.625
24.05	854.375
24.1	853.75
24.15	854.375
24.2	855
24.25	854.375
24.3	855
24.35	855
24.4	854.375
24.45	855
24.5	853.75
24.55	855
24.6	854.375
24.65	853.75
24.7	855
24.75	855
24.8	854.375
24.85	855
24.9	855
24.95	855
25	855
25.05	855
25.1	855
25.15	855.625
25.2	855
25.25	855
25.3	853.75
25.35	856.25
25.4	854.375
25.45	854.375
25.5	855.625
25.55	855
25.6	854.375
25.65	855
25.7	853.75
25.75	853.75
25.8	855
25.85	853.75
25.9	853.125
25.95	855.625
26	854.375
26.05	855.625
26.1	854.375
26.15	855
26.2	855
26.25	854.375
26.3	854.375
26.35	853.75
26.4	855
26.45	853.75
26.5	853.75
26.55	855
26.6	855
26.65	855
26.7	855
26.75	855
26.8	854.375
26.85	855
26.9	854.375
26.95	855.625
27	853.75
27.05	855.625
27.1	855
27.15	855
27.2	854.375
27.25	855
27.3	856.25
27.35	855
27.4	855
27.45	855
27.5	855
27.55	855
27.6	855
27.65	855
27.7	854.375
27.75	855
27.8	855
27.85	854.375
27.9	854.375
27.95	854.375
28	855
28.05	854.375
28.1	854.375
28.15	854.375
28.2	855
28.25	854.375
28.3	855
28.35	855
28.4	855
28.45	855
28.5	854.375
28.55	855
28.6	853.75
28.65	855
28.7	855
28.75	854.375
28.8	853.75
28.85	855.625
28.9	856.25
28.95	854.375
29	854.375
29.05	855
29.1	855
29.15	853.75
29.2	854.375
29.25	855
29.3	853.75
29.35	855
29.4	855.625
29.45	854.375
29.5	854.375
29.55	855.625
29.6	853.125
29.65	855
29.7	854.375
29.75	856.25
29.8	854.375
29.85	854.375
29.9	853.75
29.95	855
30	854.375
30.05	855
30.1	854.375
30.15	855
30.2	853.75
30.25	854.375
30.3	853.125
30.35	855.625
30.4	853.75
30.45	855
30.5	854.375
30.55	855
30.6	855
30.65	854.375
30.7	855
30.75	854.375
30.8	855
30.85	855
30.9	853.75
30.95	853.75
31	855
31.05	854.375
31.1	855
31.15	854.375
31.2	854.375
31.25	854.375
31.3	855
31.35	855.625
31.4	856.25
31.45	855.625
31.5	854.375
31.55	855
31.6	855
31.65	854.375
31.7	855
31.75	854.375
31.8	853.75
31.85	854.375
31.9	853.75
31.95	853.125
32	855
32.05	854.375
32.1	855
32.15	854.375
32.2	855
32.25	854.375
32.3	854.375
32.35	855.625
32.4	854.375
32.45	854.375
32.5	855
32.55	854.375
32.6	855.625
32.65	855
32.7	855
32.75	855
32.8	853.75
32.85	855.625
32.9	855.625
32.95	854.375
33	854.375
33.05	853.75
33.1	854.375
33.15	854.375
33.2	855
33.25	855
33.3	855
33.35	855.625
33.4	854.375
33.45	855.625
33.5	855
33.55	854.375
33.6	853.75
33.65	855
33.7	854.375
33.75	855
33.8	855
33.85	855
33.9	855
33.95	855
34	855
34.05	855.625
34.1	855
34.15	854.375
34.2	855
34.25	855
34.3	855
34.35	855
34.4	853.75
34.45	855
34.5	855
34.55	855.625
34.6	854.375
34.65	855
34.7	854.375
34.75	855
34.8	855.625
34.85	854.375
34.9	853.75
34.95	854.375
35	855
35.05	855.625
35.1	854.375
35.15	855
35.2	855
35.25	855
35.3	855
35.35	854.375
35.4	855
35.45	853.125
35.5	854.375
35.55	854.375
35.6	855.625
35.65	855
35.7	853.75
35.75	854.375
35.8	854.375
35.85	854.375
35.9	855
35.95	855
36	855
36.05	855
36.1	854.375
36.15	854.375
36.2	855.625
36.25	853.75
36.3	855
36.35	855
36.4	855
36.45	853.75
36.5	854.375
36.55	855.625
36.6	854.375
36.65	855
36.7	854.375
36.75	855
36.8	854.375
36.85	855
36.9	855.625
36.95	855
37	854.375
37.05	855.625
37.1	855.625
37.15	855
37.2	855
37.25	856.25
37.3	855
37.35	855.625
37.4	855
37.45	855.625
37.5	855
37.55	853.75
37.6	855
37.65	854.375
37.7	855
37.75	854.375
37.8	855
37.85	853.75
37.9	853.75
37.95	855
38	854.375
38.05	855
38.1	854.375
38.15	854.375
38.2	855
38.25	854.375
38.3	855
38.35	855
38.4	855.625
38.45	853.75
38.5	853.75
38.55	855
38.6	854.375
38.65	854.375
38.7	854.375
38.75	855
38.8	854.375
38.85	853.75
38.9	854.375
38.95	855
39	854.375
39.05	855
39.1	855
39.15	853.75
39.2	854.375
39.25	854.375
39.3	854.375
39.35	854.375
39.4	854.375
39.45	854.375
39.5	855.625
39.55	855.625
39.6	856.25
39.65	855
39.7	855
39.75	855.625
39.8	854.375
39.85	855.625
39.9	853.75
39.95	853.75
40	855.625
40.05	855
40.1	855
40.15	854.375
40.2	854.375
40.25	855
40.3	854.375
40.35	854.375
40.4	853.75
40.45	855
40.5	855
40.55	854.375
40.6	855
40.65	854.375
40.7	855
40.75	855
40.8	853.75
40.85	855
40.9	853.75
40.95	855.625
41	853.75
41.05	854.375
41.1	855
41.15	853.75
41.2	853.75
41.25	854.375
41.3	855
41.35	855.625
41.4	855
41.45	853.75
41.5	855
41.55	854.375
41.6	855.625
41.65	855
41.7	854.375
41.75	855
41.8	855
41.85	855
41.9	855
41.95	854.375
42	854.375
42.05	855
42.1	854.375
42.15	855
42.2	854.375
42.25	855
42.3	855
42.35	855
42.4	855.625
42.45	853.75
42.5	855
42.55	855
42.6	854.375
42.65	855
42.7	855.625
42.75	855
42.8	855.625
42.85	855
42.9	855
42.95	855.625
43	855
43.05	855
43.1	853.75
43.15	854.375
43.2	853.75
43.25	855.625
43.3	855
43.35	855
43.4	856.25
43.45	854.375
43.5	855
43.55	855
43.6	853.75
43.65	853.75
43.7	853.75
43.75	855
43.8	855
43.85	855
43.9	855
43.95	854.375
44	854.375
44.05	855
44.1	854.375
44.15	854.375
44.2	855
44.25	855.625
44.3	853.125
44.35	855
44.4	854.375
44.45	855
44.5	854.375
44.55	854.375
44.6	856.25
44.65	855
44.7	855
44.75	855
44.8	854.375
44.85	854.375
44.9	855
44.95	854.375
45	855
45.05	855
45.1	855
45.15	854.375
45.2	855.625
45.25	855.625
45.3	854.375
45.35	855
45.4	855
45.45	854.375
45.5	854.375
45.55	855.625
45.6	855.625
45.65	853.125
45.7	855
45.75	855.625
45.8	855
45.85	853.125
45.9	855
45.95	855
46	854.375
46.05	854.375
46.1	855
46.15	854.375
46.2	855
46.25	855
46.3	855
46.35	855
46.4	855
46.45	855
46.5	855
46.55	856.25
46.6	855
46.65	855
46.7	855
46.75	854.375
46.8	853.75
46.85	854.375
46.9	853.75
46.95	855
47	855
47.05	854.375
47.1	855
47.15	855.625
47.2	855
47.25	855.625
47.3	855
47.35	854.375
47.4	855
47.45	854.375
47.5	855.625
47.55	854.375
47.6	853.75
47.65	855
47.7	855
47.75	855
47.8	854.375
47.85	855
47.9	855
47.95	856.25
48	854.375
48.05	854.375
48.1	853.75
48.15	855
48.2	855
48.25	855
48.3	855.625
48.35	854.375
48.4	854.375
48.45	855
48.5	855
48.55	855
48.6	854.375
48.65	855
48.7	855
48.75	855
48.8	854.375
48.85	856.25
48.9	855
48.95	855
49	855
49.05	855
49.1	853.75
49.15	853.75
49.2	854.375
49.25	855
49.3	854.375
49.35	855
49.4	855
49.45	855
49.5	853.75
49.55	853.75
49.6	855
49.65	853.75
49.7	854.375
49.75	855.625
49.8	855
49.85	855
49.9	855
49.95	855
50	855
50.05	855.625
50.1	854.375
50.15	854.375
50.2	853.75
50.25	855
50.3	854.375
50.35	855
50.4	855.625
50.45	855.625
50.5	855
50.55	855
50.6	855.625
50.65	855.625
50.7	855.625
50.75	855
50.8	854.375
50.85	855
50.9	855
50.95	854.375
51	854.375
51.05	854.375
51.1	854.375
51.15	854.375
51.2	854.375
51.25	854.375
51.3	855.625
51.35	855
51.4	854.375
51.45	855
51.5	854.375
51.55	855
51.6	855
51.65	854.375
51.7	855
51.75	855
51.8	855
51.85	855
51.9	854.375
51.95	853.75
52	855.625
52.05	855.625
52.1	855.625
52.15	855
52.2	854.375
52.25	854.375
52.3	855.625
52.35	855
52.4	854.375
52.45	854.375
52.5	854.375
52.55	855
52.6	853.125
52.65	854.375
52.7	854.375
52.75	854.375
52.8	854.375
52.85	854.375
52.9	855
52.95	854.375
53	854.375
53.05	855
53.1	854.375
53.15	855
53.2	855.625
53.25	855
53.3	855
53.35	856.25
53.4	853.75
53.45	855
53.5	854.375
53.55	854.375
53.6	855.625
53.65	855.625
53.7	855.625
53.75	854.375
53.8	855
53.85	854.375
53.9	853.75
53.95	855
54	854.375
54.05	853.75
54.1	853.125
54.15	855
54.2	855
54.25	855.625
54.3	854.375
54.35	855
54.4	853.75
54.45	855.625
54.5	856.25
54.55	854.375
54.6	854.375
54.65	854.375
54.7	855
54.75	855
54.8	855
54.85	855
54.9	855
54.95	855
55	855.625
55.05	855.625
55.1	221.25
55.15	108.125
55.2	104.375
55.25	103.125
55.3	103.125
55.35	102.5
55.4	103.125
55.45	102.5
55.5	104.375
55.55	102.5
55.6	103.125
55.65	102.5
55.7	103.75
55.75	103.125
55.8	102.5
55.85	103.125
55.9	103.125
55.95	101.875
56	102.5
56.05	103.125
56.1	103.125
56.15	103.75
56.2	103.125
56.25	103.75
56.3	103.125
56.35	103.125
56.4	101.875
56.45	103.75
56.5	103.125
56.55	103.75
56.6	101.875
56.65	101.875
56.7	102.5
56.75	103.125
56.8	103.75
56.85	103.125
56.9	102.5
56.95	103.125
57	102.5
57.05	103.125
57.1	103.125
57.15	103.75
57.2	102.5
57.25	103.125
57.3	103.75
57.35	103.75
57.4	103.125
57.45	102.5
57.5	103.125
57.55	102.5
57.6	103.75
57.65	102.5
57.7	102.5
57.75	103.125
57.8	103.125
57.85	102.5
57.9	103.125
57.95	102.5
58	102.5
58.05	103.125
58.1	103.125
58.15	103.125
58.2	102.5
58.25	103.125
58.3	102.5
58.35	102.5
58.4	103.125
58.45	103.125
58.5	103.125
58.55	102.5
58.6	102.5
58.65	102.5
58.7	103.125
58.75	103.125
58.8	103.125
58.85	102.5
58.9	102.5
58.95	103.125
59	103.75
59.05	103.125
59.1	102.5
59.15	103.75
59.2	102.5
59.25	102.5
59.3	101.875
59.35	103.125
59.4	102.5
59.45	103.125
59.5	102.5
59.55	103.125
59.6	103.125
59.65	102.5
59.7	103.75
59.75	105
59.8	103.125
59.85	103.125
59.9	102.5
59.95	102.5
