#
# VERSION#2
# DATE#08/09/2015 (3)
# TIME#14:48:41
# DATETIME#3524568521
# PROTOCOLDEF##	Stimulus	Name	In	Out	Sweep	Rep	Wait	Group	Execute	Trig	
# PROTOCOL#7	30	APWaveform	0;1;2;3	0;1;2;3	6	0	0	ECall			
# STIMULUSDEF##	Name	Analog	Parameters	Digital	Units	Scale	Sampling	Duration	
# STIMULUS0#30	APWaveform	Pulse($, 0.005, 0.05)	200:40:400		A	1e-12	50	0.06	
# SWEEPNUM#3/6
# GROUP#ECall
# EXECUTE#
# TRIG#
# 
# PATTERN#30
# IN#0;1;2;3
# OUT#0;1;2;3
# SWEEP#6
# REP#0
# WAIT#0
# PATTERNNAME0#APWaveform
# ANALOG0#Pulse($, 0.005, 0.05)
# SWEEP0#200:40:400
# DIGITAL0#
# UNITS0#A
# GAIN0#1e-12
# SAMPLING0#50
# DURATION0#0.06
# DACNAME0#DAC0
# DACUNITS0#V
# DACGAIN0#2.5e9
# DACSCALE0#2.5
# {
#    "topFullScale": 0.0, 
#    "fsValid": 0, 
#    "dLock": 0, 
#    "dataUnits": [
#        "V", 
#        "", 
#        "", 
#        ""
#    ], 
#    "formula": 0, 
#    "dimLabels": [
#        0, 
#        0, 
#        0, 
#        0
#    ], 
#    "depID": 3200, 
#    "next": 469661324, 
#    "whUnused": [
#        1, 
#        1, 
#        0, 
#        0, 
#        0, 
#        0, 
#        0, 
#        0, 
#        0, 
#        0, 
#        0, 
#        0, 
#        0, 
#        0, 
#        0, 
#        0
#    ], 
#    "swModified": 0, 
#    "whpad4": 2, 
#    "whpad2": 0, 
#    "whpad3": 0, 
#    "whpad1": [
#        "", 
#        "", 
#        "", 
#        "", 
#        "", 
#        ""
#    ], 
#    "modDate": 3568124597, 
#    "waveNoteH": 469661316, 
#    "dimEUnits": [
#        0, 
#        0, 
#        0, 
#        0
#    ], 
#    "wModified": 1, 
#    "type": 2, 
#    "useBits": "\u0000", 
#    "botFullScale": 0.0, 
#    "whVersion": 1, 
#    "dimUnits": [
#        [
#            "s", 
#            "", 
#            "", 
#            ""
#        ], 
#        [
#            "", 
#            "", 
#            "", 
#            ""
#        ], 
#        [
#            "", 
#            "", 
#            "", 
#            ""
#        ], 
#        [
#            "", 
#            "", 
#            "", 
#            ""
#        ]
#    ], 
#    "fileName": 0, 
#    "aModified": 0, 
#    "creationDate": 3524568521, 
#    "dataEUnits": 0, 
#    "dFolder": 21357220, 
#    "nDim": [
#        1200, 
#        0, 
#        0, 
#        0
#    ], 
#    "kindBits": "\u0000", 
#    "npnts": 1200, 
#    "bname": "ECall_APWaveform_ch2_524", 
#    "srcFldr": 0, 
#    "sIndices": 0, 
#    "sfB": [
#        0.0, 
#        0.0, 
#        0.0, 
#        0.0
#    ], 
#    "sfA": [
#        5e-05, 
#        1.0, 
#        1.0, 
#        1.0
#    ]
#}
0	103.75
0.05	103.75
0.1	103.75
0.15	104.375
0.2	103.125
0.25	103.125
0.3	103.125
0.35	102.5
0.4	103.125
0.45	103.75
0.5	103.75
0.55	102.5
0.6	102.5
0.65	102.5
0.7	103.75
0.75	103.125
0.8	102.5
0.85	102.5
0.9	101.875
0.95	102.5
1	103.75
1.05	103.75
1.1	102.5
1.15	102.5
1.2	102.5
1.25	103.125
1.3	103.125
1.35	103.125
1.4	103.125
1.45	103.125
1.5	103.125
1.55	102.5
1.6	101.875
1.65	102.5
1.7	102.5
1.75	103.75
1.8	102.5
1.85	103.125
1.9	104.375
1.95	103.125
2	103.125
2.05	102.5
2.1	102.5
2.15	103.75
2.2	104.375
2.25	103.75
2.3	102.5
2.35	101.25
2.4	103.125
2.45	103.125
2.5	101.875
2.55	103.75
2.6	103.75
2.65	102.5
2.7	102.5
2.75	102.5
2.8	102.5
2.85	103.75
2.9	103.125
2.95	102.5
3	101.875
3.05	103.125
3.1	103.125
3.15	103.75
3.2	103.125
3.25	102.5
3.3	102.5
3.35	104.375
3.4	102.5
3.45	102.5
3.5	104.375
3.55	102.5
3.6	103.75
3.65	102.5
3.7	103.125
3.75	103.75
3.8	103.125
3.85	102.5
3.9	103.125
3.95	102.5
4	103.125
4.05	103.75
4.1	101.25
4.15	103.125
4.2	103.125
4.25	102.5
4.3	102.5
4.35	101.875
4.4	103.125
4.45	103.75
4.5	103.75
4.55	102.5
4.6	103.125
4.65	103.125
4.7	102.5
4.75	102.5
4.8	103.75
4.85	103.75
4.9	102.5
4.95	103.75
5	103.125
5.05	1116.25
5.1	1295.62
5.15	1302.5
5.2	1303.75
5.25	1305
5.3	1303.75
5.35	1305
5.4	1303.75
5.45	1304.38
5.5	1305.62
5.55	1303.75
5.6	1304.38
5.65	1304.38
5.7	1303.75
5.75	1305
5.8	1305.62
5.85	1303.75
5.9	1305
5.95	1304.38
6	1305
6.05	1305
6.1	1304.38
6.15	1305.62
6.2	1304.38
6.25	1304.38
6.3	1304.38
6.35	1305
6.4	1305
6.45	1304.38
6.5	1303.75
6.55	1306.25
6.6	1305
6.65	1304.38
6.7	1304.38
6.75	1303.75
6.8	1304.38
6.85	1304.38
6.9	1305
6.95	1303.75
7	1305
7.05	1304.38
7.1	1304.38
7.15	1304.38
7.2	1305
7.25	1306.25
7.3	1305
7.35	1304.38
7.4	1304.38
7.45	1305.62
7.5	1304.38
7.55	1305
7.6	1305
7.65	1305
7.7	1303.75
7.75	1303.75
7.8	1305
7.85	1305
7.9	1303.75
7.95	1304.38
8	1304.38
8.05	1303.12
8.1	1303.12
8.15	1305
8.2	1305
8.25	1305
8.3	1303.75
8.35	1305
8.4	1304.38
8.45	1303.75
8.5	1303.12
8.55	1303.12
8.6	1304.38
8.65	1304.38
8.7	1305
8.75	1304.38
8.8	1304.38
8.85	1303.12
8.9	1304.38
8.95	1303.75
9	1304.38
9.05	1303.12
9.1	1305
9.15	1305
9.2	1305
9.25	1305
9.3	1305.62
9.35	1303.75
9.4	1305.62
9.45	1305.62
9.5	1303.75
9.55	1304.38
9.6	1305
9.65	1305
9.7	1305
9.75	1303.12
9.8	1304.38
9.85	1303.12
9.9	1303.75
9.95	1304.38
10	1305
10.05	1305
10.1	1303.12
10.15	1305.62
10.2	1306.88
10.25	1305
10.3	1304.38
10.35	1305
10.4	1303.75
10.45	1305
10.5	1304.38
10.55	1303.75
10.6	1304.38
10.65	1304.38
10.7	1305.62
10.75	1305
10.8	1305
10.85	1304.38
10.9	1304.38
10.95	1305
11	1305
11.05	1304.38
11.1	1303.75
11.15	1305
11.2	1305
11.25	1303.75
11.3	1305
11.35	1304.38
11.4	1304.38
11.45	1304.38
11.5	1304.38
11.55	1304.38
11.6	1304.38
11.65	1305
11.7	1305
11.75	1305
11.8	1303.75
11.85	1305.62
11.9	1304.38
11.95	1305
12	1304.38
12.05	1305
12.1	1303.75
12.15	1305
12.2	1303.75
12.25	1305
12.3	1305.62
12.35	1305
12.4	1305
12.45	1304.38
12.5	1305
12.55	1304.38
12.6	1305
12.65	1304.38
12.7	1303.75
12.75	1305
12.8	1303.75
12.85	1305
12.9	1303.75
12.95	1304.38
13	1305
13.05	1305
13.1	1304.38
13.15	1303.75
13.2	1305
13.25	1304.38
13.3	1303.75
13.35	1304.38
13.4	1304.38
13.45	1305.62
13.5	1304.38
13.55	1305
13.6	1304.38
13.65	1303.75
13.7	1305.62
13.75	1305
13.8	1304.38
13.85	1303.75
13.9	1305
13.95	1304.38
14	1303.75
14.05	1305
14.1	1304.38
14.15	1303.75
14.2	1304.38
14.25	1305
14.3	1304.38
14.35	1306.25
14.4	1305.62
14.45	1305.62
14.5	1304.38
14.55	1305
14.6	1305.62
14.65	1303.75
14.7	1305
14.75	1305
14.8	1305.62
14.85	1303.12
14.9	1303.75
14.95	1305
15	1304.38
15.05	1304.38
15.1	1305
15.15	1305
15.2	1305.62
15.25	1305.62
15.3	1303.12
15.35	1304.38
15.4	1303.75
15.45	1305
15.5	1305.62
15.55	1305
15.6	1303.75
15.65	1303.75
15.7	1304.38
15.75	1305.62
15.8	1304.38
15.85	1304.38
15.9	1305
15.95	1304.38
16	1304.38
16.05	1304.38
16.1	1305
16.15	1303.75
16.2	1305
16.25	1305
16.3	1303.75
16.35	1305
16.4	1305.62
16.45	1305
16.5	1305
16.55	1305
16.6	1305.62
16.65	1305
16.7	1304.38
16.75	1305
16.8	1304.38
16.85	1305
16.9	1303.75
16.95	1304.38
17	1305.62
17.05	1305
17.1	1305.62
17.15	1304.38
17.2	1304.38
17.25	1304.38
17.3	1304.38
17.35	1303.75
17.4	1304.38
17.45	1304.38
17.5	1304.38
17.55	1304.38
17.6	1304.38
17.65	1303.12
17.7	1304.38
17.75	1305
17.8	1305.62
17.85	1304.38
17.9	1305
17.95	1305
18	1305.62
18.05	1304.38
18.1	1305
18.15	1303.75
18.2	1305
18.25	1304.38
18.3	1305
18.35	1305
18.4	1304.38
18.45	1303.12
18.5	1305
18.55	1305
18.6	1303.75
18.65	1305.62
18.7	1304.38
18.75	1303.75
18.8	1305
18.85	1304.38
18.9	1303.75
18.95	1304.38
19	1305
19.05	1305
19.1	1303.75
19.15	1305
19.2	1304.38
19.25	1304.38
19.3	1305
19.35	1305
19.4	1303.75
19.45	1305
19.5	1304.38
19.55	1304.38
19.6	1304.38
19.65	1304.38
19.7	1304.38
19.75	1304.38
19.8	1305
19.85	1305
19.9	1304.38
19.95	1303.75
20	1304.38
20.05	1303.12
20.1	1304.38
20.15	1305
20.2	1304.38
20.25	1304.38
20.3	1305
20.35	1303.75
20.4	1305
20.45	1305
20.5	1304.38
20.55	1305.62
20.6	1305
20.65	1304.38
20.7	1303.75
20.75	1303.75
20.8	1303.75
20.85	1304.38
20.9	1305
20.95	1304.38
21	1304.38
21.05	1303.75
21.1	1306.25
21.15	1304.38
21.2	1305
21.25	1305.62
21.3	1303.75
21.35	1305
21.4	1304.38
21.45	1305
21.5	1305
21.55	1303.75
21.6	1305
21.65	1304.38
21.7	1303.75
21.75	1303.75
21.8	1304.38
21.85	1304.38
21.9	1303.75
21.95	1305
22	1305
22.05	1305
22.1	1304.38
22.15	1304.38
22.2	1303.75
22.25	1305
22.3	1305
22.35	1304.38
22.4	1304.38
22.45	1303.12
22.5	1303.75
22.55	1304.38
22.6	1304.38
22.65	1303.75
22.7	1305
22.75	1304.38
22.8	1305.62
22.85	1305
22.9	1305
22.95	1305
23	1305
23.05	1305
23.1	1305.62
23.15	1303.75
23.2	1304.38
23.25	1303.75
23.3	1303.75
23.35	1305
23.4	1304.38
23.45	1305
23.5	1305
23.55	1305
23.6	1304.38
23.65	1305
23.7	1303.75
23.75	1303.75
23.8	1305
23.85	1304.38
23.9	1304.38
23.95	1305
24	1303.75
24.05	1305
24.1	1304.38
24.15	1305
24.2	1303.75
24.25	1305
24.3	1304.38
24.35	1305
24.4	1304.38
24.45	1305.62
24.5	1303.75
24.55	1304.38
24.6	1305.62
24.65	1305
24.7	1303.75
24.75	1305.62
24.8	1304.38
24.85	1305
24.9	1305
24.95	1305.62
25	1305
25.05	1305
25.1	1305
25.15	1305
25.2	1305
25.25	1305
25.3	1305.62
25.35	1305
25.4	1303.75
25.45	1305
25.5	1305
25.55	1303.75
25.6	1305
25.65	1305
25.7	1304.38
25.75	1305.62
25.8	1305
25.85	1304.38
25.9	1304.38
25.95	1304.38
26	1305
26.05	1305.62
26.1	1304.38
26.15	1305.62
26.2	1305
26.25	1303.75
26.3	1305
26.35	1305
26.4	1304.38
26.45	1304.38
26.5	1305
26.55	1304.38
26.6	1304.38
26.65	1304.38
26.7	1305
26.75	1303.75
26.8	1303.75
26.85	1305.62
26.9	1304.38
26.95	1303.75
27	1304.38
27.05	1305
27.1	1303.12
27.15	1305.62
27.2	1305
27.25	1305
27.3	1306.25
27.35	1305
27.4	1305
27.45	1305.62
27.5	1304.38
27.55	1304.38
27.6	1305
27.65	1305
27.7	1305
27.75	1303.75
27.8	1304.38
27.85	1304.38
27.9	1304.38
27.95	1304.38
28	1304.38
28.05	1305
28.1	1304.38
28.15	1305
28.2	1304.38
28.25	1305
28.3	1305
28.35	1305.62
28.4	1305
28.45	1304.38
28.5	1303.75
28.55	1305
28.6	1305.62
28.65	1304.38
28.7	1305.62
28.75	1305
28.8	1305
28.85	1303.75
28.9	1304.38
28.95	1305
29	1305
29.05	1306.25
29.1	1304.38
29.15	1304.38
29.2	1304.38
29.25	1304.38
29.3	1303.75
29.35	1305
29.4	1305
29.45	1305
29.5	1304.38
29.55	1305
29.6	1303.75
29.65	1304.38
29.7	1303.75
29.75	1305
29.8	1304.38
29.85	1304.38
29.9	1303.75
29.95	1305.62
30	1304.38
30.05	1303.75
30.1	1305
30.15	1305
30.2	1303.12
30.25	1303.75
30.3	1303.75
30.35	1305.62
30.4	1303.12
30.45	1305
30.5	1303.75
30.55	1303.75
30.6	1304.38
30.65	1304.38
30.7	1304.38
30.75	1304.38
30.8	1306.25
30.85	1304.38
30.9	1305
30.95	1305.62
31	1303.12
31.05	1304.38
31.1	1304.38
31.15	1305.62
31.2	1305
31.25	1305
31.3	1305
31.35	1305
31.4	1305.62
31.45	1305
31.5	1305
31.55	1305
31.6	1303.12
31.65	1303.75
31.7	1305
31.75	1303.75
31.8	1305.62
31.85	1303.75
31.9	1303.75
31.95	1305.62
32	1305.62
32.05	1305
32.1	1305
32.15	1303.12
32.2	1303.75
32.25	1303.75
32.3	1305
32.35	1305
32.4	1303.75
32.45	1305
32.5	1305
32.55	1305
32.6	1305
32.65	1305
32.7	1303.75
32.75	1303.12
32.8	1304.38
32.85	1305
32.9	1305
32.95	1304.38
33	1305
33.05	1305.62
33.1	1304.38
33.15	1303.75
33.2	1303.12
33.25	1303.75
33.3	1305.62
33.35	1303.75
33.4	1305.62
33.45	1304.38
33.5	1305
33.55	1305
33.6	1305
33.65	1304.38
33.7	1305.62
33.75	1303.75
33.8	1305
33.85	1305
33.9	1303.75
33.95	1306.25
34	1304.38
34.05	1305
34.1	1305
34.15	1303.12
34.2	1304.38
34.25	1305
34.3	1305.62
34.35	1305
34.4	1305
34.45	1305
34.5	1305.62
34.55	1303.75
34.6	1305.62
34.65	1304.38
34.7	1305
34.75	1304.38
34.8	1304.38
34.85	1303.75
34.9	1303.75
34.95	1303.75
35	1304.38
35.05	1304.38
35.1	1304.38
35.15	1305
35.2	1304.38
35.25	1305.62
35.3	1305
35.35	1305
35.4	1304.38
35.45	1306.25
35.5	1304.38
35.55	1305
35.6	1303.75
35.65	1305
35.7	1303.75
35.75	1304.38
35.8	1304.38
35.85	1304.38
35.9	1305.62
35.95	1304.38
36	1303.75
36.05	1305
36.1	1304.38
36.15	1304.38
36.2	1304.38
36.25	1305
36.3	1304.38
36.35	1305
36.4	1305
36.45	1303.75
36.5	1305.62
36.55	1305
36.6	1305.62
36.65	1305
36.7	1303.12
36.75	1305.62
36.8	1305
36.85	1305
36.9	1304.38
36.95	1304.38
37	1304.38
37.05	1303.75
37.1	1305
37.15	1305
37.2	1304.38
37.25	1305
37.3	1304.38
37.35	1305.62
37.4	1304.38
37.45	1304.38
37.5	1305
37.55	1305
37.6	1304.38
37.65	1305
37.7	1305
37.75	1303.12
37.8	1304.38
37.85	1304.38
37.9	1305
37.95	1304.38
38	1305
38.05	1305
38.1	1304.38
38.15	1305
38.2	1304.38
38.25	1304.38
38.3	1305
38.35	1305
38.4	1305
38.45	1303.75
38.5	1303.12
38.55	1303.75
38.6	1305
38.65	1304.38
38.7	1304.38
38.75	1303.75
38.8	1305
38.85	1305
38.9	1305
38.95	1303.12
39	1305
39.05	1305
39.1	1305.62
39.15	1304.38
39.2	1303.75
39.25	1305
39.3	1305
39.35	1303.75
39.4	1304.38
39.45	1303.75
39.5	1304.38
39.55	1303.12
39.6	1305
39.65	1303.12
39.7	1304.38
39.75	1305
39.8	1305
39.85	1303.75
39.9	1305
39.95	1304.38
40	1305
40.05	1305.62
40.1	1304.38
40.15	1304.38
40.2	1305
40.25	1304.38
40.3	1303.75
40.35	1303.75
40.4	1305
40.45	1303.75
40.5	1305
40.55	1305
40.6	1304.38
40.65	1305.62
40.7	1305
40.75	1305
40.8	1303.75
40.85	1304.38
40.9	1303.75
40.95	1304.38
41	1303.75
41.05	1304.38
41.1	1304.38
41.15	1305
41.2	1304.38
41.25	1305
41.3	1305
41.35	1305
41.4	1305
41.45	1304.38
41.5	1303.75
41.55	1305.62
41.6	1304.38
41.65	1305
41.7	1305
41.75	1305
41.8	1304.38
41.85	1304.38
41.9	1305
41.95	1305
42	1305
42.05	1305
42.1	1305
42.15	1305
42.2	1304.38
42.25	1304.38
42.3	1304.38
42.35	1304.38
42.4	1304.38
42.45	1303.75
42.5	1304.38
42.55	1304.38
42.6	1304.38
42.65	1305.62
42.7	1304.38
42.75	1303.75
42.8	1305.62
42.85	1304.38
42.9	1305
42.95	1305
43	1304.38
43.05	1305
43.1	1304.38
43.15	1305
43.2	1303.75
43.25	1304.38
43.3	1305
43.35	1305
43.4	1304.38
43.45	1305
43.5	1304.38
43.55	1303.12
43.6	1305
43.65	1305.62
43.7	1305
43.75	1305
43.8	1305.62
43.85	1305
43.9	1305
43.95	1305
44	1304.38
44.05	1303.75
44.1	1304.38
44.15	1305
44.2	1305
44.25	1305.62
44.3	1305
44.35	1303.75
44.4	1303.75
44.45	1303.75
44.5	1305
44.55	1305
44.6	1304.38
44.65	1306.25
44.7	1305
44.75	1305.62
44.8	1305.62
44.85	1305
44.9	1305
44.95	1303.75
45	1304.38
45.05	1303.75
45.1	1305.62
45.15	1304.38
45.2	1305.62
45.25	1305
45.3	1304.38
45.35	1304.38
45.4	1303.75
45.45	1303.75
45.5	1304.38
45.55	1305.62
45.6	1304.38
45.65	1305
45.7	1304.38
45.75	1304.38
45.8	1303.75
45.85	1305.62
45.9	1305
45.95	1305
46	1303.75
46.05	1303.75
46.1	1305
46.15	1304.38
46.2	1306.25
46.25	1306.25
46.3	1303.75
46.35	1305
46.4	1305.62
46.45	1304.38
46.5	1304.38
46.55	1305
46.6	1303.12
46.65	1305
46.7	1305
46.75	1305
46.8	1304.38
46.85	1305.62
46.9	1305
46.95	1304.38
47	1305.62
47.05	1305
47.1	1303.75
47.15	1305
47.2	1304.38
47.25	1304.38
47.3	1305
47.35	1305
47.4	1303.75
47.45	1305
47.5	1304.38
47.55	1303.12
47.6	1305
47.65	1305.62
47.7	1305
47.75	1304.38
47.8	1303.75
47.85	1305
47.9	1305
47.95	1305.62
48	1305
48.05	1304.38
48.1	1305
48.15	1305
48.2	1305
48.25	1305
48.3	1303.12
48.35	1305
48.4	1305
48.45	1304.38
48.5	1304.38
48.55	1305
48.6	1304.38
48.65	1305
48.7	1305
48.75	1304.38
48.8	1303.75
48.85	1305
48.9	1305.62
48.95	1304.38
49	1303.75
49.05	1304.38
49.1	1305
49.15	1305.62
49.2	1305
49.25	1305
49.3	1305
49.35	1304.38
49.4	1303.12
49.45	1305
49.5	1305
49.55	1305.62
49.6	1305
49.65	1305
49.7	1304.38
49.75	1303.75
49.8	1305
49.85	1306.88
49.9	1303.12
49.95	1305
50	1305.62
50.05	1305
50.1	1305.62
50.15	1304.38
50.2	1305
50.25	1305
50.3	1305
50.35	1304.38
50.4	1305
50.45	1303.75
50.5	1305.62
50.55	1305
50.6	1304.38
50.65	1303.75
50.7	1304.38
50.75	1305
50.8	1305.62
50.85	1303.75
50.9	1304.38
50.95	1305.62
51	1303.75
51.05	1305
51.1	1305
51.15	1304.38
51.2	1304.38
51.25	1305.62
51.3	1305
51.35	1304.38
51.4	1303.12
51.45	1305.62
51.5	1305
51.55	1304.38
51.6	1303.75
51.65	1304.38
51.7	1305.62
51.75	1304.38
51.8	1304.38
51.85	1304.38
51.9	1303.75
51.95	1305
52	1304.38
52.05	1303.75
52.1	1304.38
52.15	1305
52.2	1304.38
52.25	1303.75
52.3	1305
52.35	1303.75
52.4	1304.38
52.45	1303.75
52.5	1304.38
52.55	1303.75
52.6	1304.38
52.65	1304.38
52.7	1304.38
52.75	1305
52.8	1305
52.85	1305
52.9	1303.12
52.95	1305
53	1303.75
53.05	1303.75
53.1	1305
53.15	1303.75
53.2	1303.75
53.25	1304.38
53.3	1305
53.35	1305
53.4	1305.62
53.45	1304.38
53.5	1305
53.55	1304.38
53.6	1305
53.65	1305
53.7	1304.38
53.75	1303.75
53.8	1304.38
53.85	1304.38
53.9	1306.25
53.95	1305.62
54	1305
54.05	1303.75
54.1	1305
54.15	1304.38
54.2	1305
54.25	1303.75
54.3	1304.38
54.35	1305
54.4	1305
54.45	1303.75
54.5	1304.38
54.55	1306.25
54.6	1305.62
54.65	1305
54.7	1305
54.75	1305
54.8	1304.38
54.85	1304.38
54.9	1305
54.95	1305
55	1305
55.05	1304.38
55.1	290.625
55.15	111.875
55.2	103.75
55.25	105
55.3	104.375
55.35	103.125
55.4	102.5
55.45	104.375
55.5	103.75
55.55	103.125
55.6	103.125
55.65	104.375
55.7	103.125
55.75	102.5
55.8	103.125
55.85	102.5
55.9	103.75
55.95	103.125
56	103.75
56.05	102.5
56.1	103.125
56.15	103.125
56.2	103.125
56.25	102.5
56.3	103.125
56.35	103.125
56.4	103.125
56.45	103.75
56.5	103.125
56.55	103.125
56.6	101.875
56.65	103.125
56.7	103.125
56.75	101.875
56.8	103.125
56.85	102.5
56.9	101.875
56.95	103.125
57	103.75
57.05	103.75
57.1	103.75
57.15	103.75
57.2	103.125
57.25	102.5
57.3	103.125
57.35	103.125
57.4	102.5
57.45	103.125
57.5	102.5
57.55	102.5
57.6	101.875
57.65	101.875
57.7	103.125
57.75	103.125
57.8	103.125
57.85	102.5
57.9	102.5
57.95	103.75
58	101.25
58.05	102.5
58.1	102.5
58.15	103.125
58.2	103.125
58.25	103.125
58.3	102.5
58.35	102.5
58.4	103.125
58.45	102.5
58.5	102.5
58.55	103.75
58.6	103.125
58.65	103.125
58.7	103.125
58.75	102.5
58.8	103.125
58.85	103.75
58.9	103.75
58.95	103.75
59	103.125
59.05	103.75
59.1	105
59.15	102.5
59.2	103.75
59.25	102.5
59.3	103.75
59.35	103.125
59.4	103.75
59.45	102.5
59.5	103.125
59.55	103.125
59.6	101.25
59.65	103.125
59.7	103.125
59.75	102.5
59.8	102.5
59.85	102.5
59.9	103.125
59.95	102.5
