#
# VERSION#2
# DATE#08/09/2015 (3)
# TIME#14:48:40
# DATETIME#3524568520
# PROTOCOLDEF##	Stimulus	Name	In	Out	Sweep	Rep	Wait	Group	Execute	Trig	
# PROTOCOL#7	30	APWaveform	0;1;2;3	0;1;2;3	6	0	0	ECall			
# STIMULUSDEF##	Name	Analog	Parameters	Digital	Units	Scale	Sampling	Duration	
# STIMULUS0#30	APWaveform	Pulse($, 0.005, 0.05)	200:40:400		A	1e-12	50	0.06	
# SWEEPNUM#1/6
# GROUP#ECall
# EXECUTE#
# TRIG#
# 
# PATTERN#30
# IN#0;1;2;3
# OUT#0;1;2;3
# SWEEP#6
# REP#0
# WAIT#0
# PATTERNNAME0#APWaveform
# ANALOG0#Pulse($, 0.005, 0.05)
# SWEEP0#200:40:400
# DIGITAL0#
# UNITS0#A
# GAIN0#1e-12
# SAMPLING0#50
# DURATION0#0.06
# DACNAME0#DAC0
# DACUNITS0#V
# DACGAIN0#2.5e9
# DACSCALE0#2.5
# {
#    "topFullScale": 0.0, 
#    "fsValid": 0, 
#    "dLock": 0, 
#    "dataUnits": [
#        "V", 
#        "", 
#        "", 
#        ""
#    ], 
#    "formula": 0, 
#    "dimLabels": [
#        0, 
#        0, 
#        0, 
#        0
#    ], 
#    "depID": 3176, 
#    "next": 469661244, 
#    "whUnused": [
#        1, 
#        1, 
#        0, 
#        0, 
#        0, 
#        0, 
#        0, 
#        0, 
#        0, 
#        0, 
#        0, 
#        0, 
#        0, 
#        0, 
#        0, 
#        0
#    ], 
#    "swModified": 0, 
#    "whpad4": 2, 
#    "whpad2": 0, 
#    "whpad3": 0, 
#    "whpad1": [
#        "", 
#        "", 
#        "", 
#        "", 
#        "", 
#        ""
#    ], 
#    "modDate": 3568124597, 
#    "waveNoteH": 469661240, 
#    "dimEUnits": [
#        0, 
#        0, 
#        0, 
#        0
#    ], 
#    "wModified": 1, 
#    "type": 2, 
#    "useBits": "\u0000", 
#    "botFullScale": 0.0, 
#    "whVersion": 1, 
#    "dimUnits": [
#        [
#            "s", 
#            "", 
#            "", 
#            ""
#        ], 
#        [
#            "", 
#            "", 
#            "", 
#            ""
#        ], 
#        [
#            "", 
#            "", 
#            "", 
#            ""
#        ], 
#        [
#            "", 
#            "", 
#            "", 
#            ""
#        ]
#    ], 
#    "fileName": 0, 
#    "aModified": 0, 
#    "creationDate": 3524568520, 
#    "dataEUnits": 0, 
#    "dFolder": 21357220, 
#    "nDim": [
#        1200, 
#        0, 
#        0, 
#        0
#    ], 
#    "kindBits": "\u0000", 
#    "npnts": 1200, 
#    "bname": "ECall_APWaveform_ch2_522", 
#    "srcFldr": 0, 
#    "sIndices": 0, 
#    "sfB": [
#        0.0, 
#        0.0, 
#        0.0, 
#        0.0
#    ], 
#    "sfA": [
#        5e-05, 
#        1.0, 
#        1.0, 
#        1.0
#    ]
#}
0	101.875
0.05	103.75
0.1	103.75
0.15	103.125
0.2	103.125
0.25	103.125
0.3	103.125
0.35	102.5
0.4	103.125
0.45	103.125
0.5	103.75
0.55	103.125
0.6	102.5
0.65	103.125
0.7	103.125
0.75	103.125
0.8	103.75
0.85	103.125
0.9	101.875
0.95	103.125
1	103.75
1.05	102.5
1.1	103.125
1.15	101.25
1.2	102.5
1.25	102.5
1.3	103.75
1.35	103.125
1.4	102.5
1.45	103.125
1.5	103.125
1.55	102.5
1.6	103.125
1.65	103.125
1.7	103.125
1.75	102.5
1.8	103.125
1.85	102.5
1.9	103.75
1.95	102.5
2	101.875
2.05	101.875
2.1	101.25
2.15	102.5
2.2	103.125
2.25	102.5
2.3	103.75
2.35	103.75
2.4	101.875
2.45	103.125
2.5	103.125
2.55	103.125
2.6	103.125
2.65	103.125
2.7	103.125
2.75	103.125
2.8	103.75
2.85	101.875
2.9	102.5
2.95	103.125
3	102.5
3.05	101.875
3.1	103.75
3.15	102.5
3.2	103.125
3.25	103.75
3.3	102.5
3.35	103.125
3.4	102.5
3.45	102.5
3.5	103.75
3.55	103.125
3.6	103.125
3.65	103.125
3.7	102.5
3.75	103.75
3.8	102.5
3.85	103.125
3.9	103.125
3.95	103.125
4	103.125
4.05	102.5
4.1	102.5
4.15	103.125
4.2	101.875
4.25	105
4.3	102.5
4.35	103.75
4.4	102.5
4.45	103.125
4.5	101.875
4.55	101.875
4.6	103.125
4.65	102.5
4.7	101.25
4.75	103.125
4.8	103.125
4.85	103.125
4.9	103.125
4.95	103.125
5	103.125
5.05	864.375
5.1	998.125
5.15	1003.12
5.2	1005
5.25	1005
5.3	1005.62
5.35	1004.38
5.4	1005
5.45	1005
5.5	1004.38
5.55	1005
5.6	1005
5.65	1004.38
5.7	1004.38
5.75	1005
5.8	1005
5.85	1005.62
5.9	1004.38
5.95	1005.62
6	1005
6.05	1005
6.1	1004.38
6.15	1005
6.2	1005
6.25	1005.62
6.3	1005.62
6.35	1005.62
6.4	1005
6.45	1005
6.5	1005.62
6.55	1005
6.6	1005
6.65	1005
6.7	1005
6.75	1005.62
6.8	1005
6.85	1005.62
6.9	1004.38
6.95	1005
7	1006.25
7.05	1005
7.1	1006.25
7.15	1004.38
7.2	1005
7.25	1005.62
7.3	1003.75
7.35	1005
7.4	1005.62
7.45	1005
7.5	1005.62
7.55	1005
7.6	1005
7.65	1004.38
7.7	1003.75
7.75	1005
7.8	1005.62
7.85	1003.75
7.9	1005
7.95	1005
8	1004.38
8.05	1005.62
8.1	1005
8.15	1005
8.2	1005
8.25	1005
8.3	1005
8.35	1005
8.4	1006.25
8.45	1005
8.5	1004.38
8.55	1005
8.6	1005
8.65	1005
8.7	1005
8.75	1005.62
8.8	1005
8.85	1004.38
8.9	1006.25
8.95	1005
9	1005
9.05	1005.62
9.1	1006.25
9.15	1005.62
9.2	1005.62
9.25	1005
9.3	1005.62
9.35	1004.38
9.4	1005
9.45	1003.75
9.5	1005.62
9.55	1005
9.6	1005
9.65	1005
9.7	1005
9.75	1005
9.8	1005
9.85	1005
9.9	1005
9.95	1004.38
10	1004.38
10.05	1004.38
10.1	1005
10.15	1004.38
10.2	1005
10.25	1006.25
10.3	1005
10.35	1005
10.4	1004.38
10.45	1005
10.5	1005
10.55	1005
10.6	1004.38
10.65	1005.62
10.7	1005
10.75	1005
10.8	1003.75
10.85	1005.62
10.9	1004.38
10.95	1005
11	1004.38
11.05	1005
11.1	1004.38
11.15	1005.62
11.2	1004.38
11.25	1005.62
11.3	1005
11.35	1003.75
11.4	1004.38
11.45	1006.25
11.5	1005
11.55	1004.38
11.6	1005
11.65	1005.62
11.7	1005
11.75	1005
11.8	1005
11.85	1004.38
11.9	1004.38
11.95	1004.38
12	1005
12.05	1006.25
12.1	1004.38
12.15	1003.75
12.2	1005.62
12.25	1004.38
12.3	1005
12.35	1004.38
12.4	1005
12.45	1005
12.5	1005
12.55	1004.38
12.6	1005
12.65	1005
12.7	1005
12.75	1004.38
12.8	1005.62
12.85	1005
12.9	1004.38
12.95	1006.25
13	1005
13.05	1004.38
13.1	1004.38
13.15	1005
13.2	1005
13.25	1006.25
13.3	1005
13.35	1003.12
13.4	1005
13.45	1004.38
13.5	1006.25
13.55	1005.62
13.6	1003.75
13.65	1005.62
13.7	1003.75
13.75	1005
13.8	1004.38
13.85	1005
13.9	1005
13.95	1005
14	1005
14.05	1005
14.1	1005.62
14.15	1005
14.2	1004.38
14.25	1005
14.3	1004.38
14.35	1004.38
14.4	1005.62
14.45	1004.38
14.5	1005
14.55	1004.38
14.6	1003.75
14.65	1004.38
14.7	1005
14.75	1005
14.8	1005
14.85	1005
14.9	1005.62
14.95	1005
15	1005
15.05	1003.75
15.1	1005
15.15	1005.62
15.2	1005.62
15.25	1006.25
15.3	1005
15.35	1005
15.4	1005.62
15.45	1004.38
15.5	1005
15.55	1005
15.6	1005.62
15.65	1005
15.7	1005
15.75	1005
15.8	1005.62
15.85	1005
15.9	1004.38
15.95	1005
16	1005
16.05	1003.12
16.1	1004.38
16.15	1003.75
16.2	1004.38
16.25	1004.38
16.3	1005.62
16.35	1004.38
16.4	1003.75
16.45	1005.62
16.5	1005.62
16.55	1005
16.6	1006.25
16.65	1005
16.7	1005
16.75	1005
16.8	1005
16.85	1003.75
16.9	1004.38
16.95	1005
17	1005.62
17.05	1006.25
17.1	1004.38
17.15	1005
17.2	1005.62
17.25	1005
17.3	1005
17.35	1005
17.4	1005
17.45	1005
17.5	1004.38
17.55	1006.25
17.6	1004.38
17.65	1004.38
17.7	1005
17.75	1005.62
17.8	1005
17.85	1005
17.9	1005
17.95	1005
18	1006.25
18.05	1003.75
18.1	1005.62
18.15	1004.38
18.2	1005
18.25	1005.62
18.3	1004.38
18.35	1003.75
18.4	1005
18.45	1005.62
18.5	1005
18.55	1004.38
18.6	1005
18.65	1003.75
18.7	1004.38
18.75	1006.25
18.8	1004.38
18.85	1004.38
18.9	1005.62
18.95	1005.62
19	1004.38
19.05	1006.25
19.1	1005
19.15	1004.38
19.2	1005
19.25	1005
19.3	1004.38
19.35	1005.62
19.4	1005
19.45	1005
19.5	1005
19.55	1005
19.6	1003.75
19.65	1005.62
19.7	1005
19.75	1005
19.8	1005
19.85	1005
19.9	1005.62
19.95	1004.38
20	1003.75
20.05	1005
20.1	1005.62
20.15	1004.38
20.2	1005.62
20.25	1005.62
20.3	1005.62
20.35	1005.62
20.4	1003.75
20.45	1005
20.5	1004.38
20.55	1005
20.6	1005
20.65	1005.62
20.7	1004.38
20.75	1006.25
20.8	1005
20.85	1005.62
20.9	1004.38
20.95	1004.38
21	1005.62
21.05	1004.38
21.1	1005
21.15	1005
21.2	1003.75
21.25	1004.38
21.3	1005.62
21.35	1005
21.4	1005
21.45	1005.62
21.5	1005
21.55	1005
21.6	1005
21.65	1005
21.7	1004.38
21.75	1005
21.8	1005.62
21.85	1004.38
21.9	1004.38
21.95	1005.62
22	1004.38
22.05	1005
22.1	1004.38
22.15	1005
22.2	1005
22.25	1004.38
22.3	1005.62
22.35	1005
22.4	1005
22.45	1005.62
22.5	1003.75
22.55	1004.38
22.6	1005
22.65	1004.38
22.7	1005
22.75	1005.62
22.8	1004.38
22.85	1005.62
22.9	1004.38
22.95	1005.62
23	1004.38
23.05	1005
23.1	1005.62
23.15	1005
23.2	1005.62
23.25	1004.38
23.3	1005.62
23.35	1005.62
23.4	1005
23.45	1005.62
23.5	1003.75
23.55	1005
23.6	1003.12
23.65	1005
23.7	1005
23.75	1005
23.8	1005
23.85	1005
23.9	1005
23.95	1005.62
24	1005
24.05	1003.75
24.1	1005.62
24.15	1004.38
24.2	1004.38
24.25	1005
24.3	1004.38
24.35	1004.38
24.4	1005.62
24.45	1005.62
24.5	1005.62
24.55	1005.62
24.6	1005
24.65	1005
24.7	1005
24.75	1004.38
24.8	1005
24.85	1005
24.9	1005
24.95	1004.38
25	1005
25.05	1004.38
25.1	1005.62
25.15	1004.38
25.2	1005.62
25.25	1004.38
25.3	1005
25.35	1004.38
25.4	1005
25.45	1004.38
25.5	1004.38
25.55	1005.62
25.6	1005.62
25.65	1006.25
25.7	1005
25.75	1005
25.8	1005
25.85	1004.38
25.9	1005.62
25.95	1005.62
26	1005
26.05	1004.38
26.1	1005
26.15	1005
26.2	1004.38
26.25	1005
26.3	1005
26.35	1004.38
26.4	1004.38
26.45	1005
26.5	1005
26.55	1004.38
26.6	1006.25
26.65	1005
26.7	1005.62
26.75	1005.62
26.8	1005
26.85	1005.62
26.9	1005.62
26.95	1005.62
27	1005
27.05	1005
27.1	1005
27.15	1005
27.2	1005
27.25	1005
27.3	1005
27.35	1003.75
27.4	1006.25
27.45	1006.25
27.5	1005
27.55	1005
27.6	1004.38
27.65	1005.62
27.7	1004.38
27.75	1004.38
27.8	1004.38
27.85	1005
27.9	1006.25
27.95	1006.25
28	1005.62
28.05	1005.62
28.1	1005.62
28.15	1006.25
28.2	1005
28.25	1005
28.3	1005.62
28.35	1004.38
28.4	1004.38
28.45	1005.62
28.5	1004.38
28.55	1005
28.6	1006.25
28.65	1004.38
28.7	1005
28.75	1004.38
28.8	1005
28.85	1005
28.9	1005
28.95	1005.62
29	1005
29.05	1004.38
29.1	1005
29.15	1005
29.2	1005.62
29.25	1005
29.3	1004.38
29.35	1004.38
29.4	1005.62
29.45	1005
29.5	1005.62
29.55	1006.25
29.6	1005
29.65	1005
29.7	1005
29.75	1005
29.8	1005
29.85	1005.62
29.9	1004.38
29.95	1004.38
30	1005
30.05	1004.38
30.1	1004.38
30.15	1005.62
30.2	1005.62
30.25	1005.62
30.3	1005
30.35	1005
30.4	1004.38
30.45	1005.62
30.5	1005
30.55	1005
30.6	1005.62
30.65	1005.62
30.7	1005.62
30.75	1005
30.8	1005
30.85	1005
30.9	1004.38
30.95	1004.38
31	1005
31.05	1005
31.1	1005.62
31.15	1005
31.2	1005
31.25	1005
31.3	1005
31.35	1005.62
31.4	1006.25
31.45	1006.25
31.5	1004.38
31.55	1005
31.6	1005
31.65	1005.62
31.7	1003.75
31.75	1005
31.8	1004.38
31.85	1004.38
31.9	1005.62
31.95	1004.38
32	1005
32.05	1005
32.1	1004.38
32.15	1005
32.2	1005.62
32.25	1004.38
32.3	1005.62
32.35	1005
32.4	1005
32.45	1005.62
32.5	1005.62
32.55	1006.25
32.6	1003.75
32.65	1005
32.7	1003.75
32.75	1004.38
32.8	1004.38
32.85	1004.38
32.9	1006.25
32.95	1005
33	1005
33.05	1005.62
33.1	1005.62
33.15	1005
33.2	1005
33.25	1005
33.3	1004.38
33.35	1005.62
33.4	1005
33.45	1004.38
33.5	1005.62
33.55	1005
33.6	1006.25
33.65	1005.62
33.7	1005
33.75	1003.75
33.8	1005
33.85	1005
33.9	1005
33.95	1004.38
34	1005
34.05	1005.62
34.1	1005
34.15	1006.25
34.2	1005.62
34.25	1005.62
34.3	1005
34.35	1004.38
34.4	1004.38
34.45	1005.62
34.5	1005
34.55	1005.62
34.6	1005
34.65	1005
34.7	1004.38
34.75	1004.38
34.8	1005
34.85	1005
34.9	1005
34.95	1005.62
35	1005
35.05	1005
35.1	1003.75
35.15	1005
35.2	1005
35.25	1005
35.3	1005.62
35.35	1005
35.4	1005
35.45	1003.12
35.5	1005
35.55	1004.38
35.6	1004.38
35.65	1003.75
35.7	1005
35.75	1005
35.8	1004.38
35.85	1004.38
35.9	1003.75
35.95	1004.38
36	1005
36.05	1003.75
36.1	1004.38
36.15	1004.38
36.2	1005.62
36.25	1005
36.3	1005
36.35	1006.25
36.4	1006.25
36.45	1005
36.5	1004.38
36.55	1004.38
36.6	1005
36.65	1005
36.7	1005
36.75	1003.75
36.8	1004.38
36.85	1005.62
36.9	1005
36.95	1004.38
37	1005
37.05	1003.75
37.1	1005
37.15	1005
37.2	1005
37.25	1005
37.3	1005
37.35	1005
37.4	1005
37.45	1005
37.5	1005
37.55	1005
37.6	1005.62
37.65	1004.38
37.7	1005.62
37.75	1005.62
37.8	1005
37.85	1005
37.9	1003.75
37.95	1005
38	1005.62
38.05	1004.38
38.1	1005
38.15	1005
38.2	1005.62
38.25	1004.38
38.3	1006.25
38.35	1005.62
38.4	1005.62
38.45	1003.75
38.5	1005
38.55	1005
38.6	1004.38
38.65	1004.38
38.7	1005
38.75	1004.38
38.8	1005
38.85	1006.25
38.9	1004.38
38.95	1004.38
39	1005
39.05	1005
39.1	1005.62
39.15	1004.38
39.2	1005
39.25	1005.62
39.3	1005.62
39.35	1005
39.4	1004.38
39.45	1005.62
39.5	1005
39.55	1005
39.6	1005
39.65	1005
39.7	1005
39.75	1004.38
39.8	1005
39.85	1005.62
39.9	1005
39.95	1005
40	1004.38
40.05	1004.38
40.1	1005.62
40.15	1004.38
40.2	1003.75
40.25	1003.75
40.3	1005.62
40.35	1004.38
40.4	1005
40.45	1005
40.5	1005
40.55	1005.62
40.6	1005
40.65	1005
40.7	1004.38
40.75	1005.62
40.8	1003.75
40.85	1005
40.9	1005
40.95	1005.62
41	1005.62
41.05	1004.38
41.1	1005
41.15	1004.38
41.2	1003.75
41.25	1004.38
41.3	1005
41.35	1005.62
41.4	1005
41.45	1004.38
41.5	1003.12
41.55	1005
41.6	1005.62
41.65	1005
41.7	1006.25
41.75	1005
41.8	1005
41.85	1005
41.9	1005.62
41.95	1005
42	1005
42.05	1003.75
42.1	1004.38
42.15	1005
42.2	1005
42.25	1005.62
42.3	1005
42.35	1005
42.4	1004.38
42.45	1005
42.5	1005
42.55	1005.62
42.6	1005
42.65	1005
42.7	1005
42.75	1005.62
42.8	1005.62
42.85	1004.38
42.9	1005
42.95	1005
43	1005
43.05	1004.38
43.1	1005
43.15	1005
43.2	1005
43.25	1005
43.3	1004.38
43.35	1005
43.4	1005
43.45	1005.62
43.5	1004.38
43.55	1005
43.6	1005.62
43.65	1005
43.7	1005
43.75	1005.62
43.8	1004.38
43.85	1005
43.9	1006.25
43.95	1006.25
44	1005.62
44.05	1005
44.1	1005
44.15	1005
44.2	1005
44.25	1006.25
44.3	1005.62
44.35	1005
44.4	1004.38
44.45	1004.38
44.5	1006.25
44.55	1005.62
44.6	1004.38
44.65	1005
44.7	1005
44.75	1005
44.8	1004.38
44.85	1004.38
44.9	1005.62
44.95	1005
45	1003.75
45.05	1005.62
45.1	1006.25
45.15	1005.62
45.2	1003.75
45.25	1005
45.3	1005
45.35	1005
45.4	1005
45.45	1005
45.5	1005.62
45.55	1005
45.6	1004.38
45.65	1004.38
45.7	1005
45.75	1005.62
45.8	1005.62
45.85	1004.38
45.9	1004.38
45.95	1005
46	1004.38
46.05	1003.75
46.1	1005.62
46.15	1006.25
46.2	1005
46.25	1003.12
46.3	1005
46.35	1005
46.4	1005.62
46.45	1005
46.5	1005
46.55	1005
46.6	1005
46.65	1005.62
46.7	1005
46.75	1005
46.8	1005.62
46.85	1005
46.9	1004.38
46.95	1005
47	1003.75
47.05	1005
47.1	1004.38
47.15	1005
47.2	1005
47.25	1004.38
47.3	1005
47.35	1005.62
47.4	1005
47.45	1004.38
47.5	1005.62
47.55	1005
47.6	1005
47.65	1005
47.7	1005
47.75	1005
47.8	1005
47.85	1005
47.9	1004.38
47.95	1005
48	1005
48.05	1005
48.1	1005
48.15	1005
48.2	1005
48.25	1004.38
48.3	1004.38
48.35	1005
48.4	1005.62
48.45	1004.38
48.5	1005
48.55	1005
48.6	1005
48.65	1003.75
48.7	1004.38
48.75	1004.38
48.8	1004.38
48.85	1005.62
48.9	1005
48.95	1005
49	1003.75
49.05	1003.75
49.1	1005
49.15	1005
49.2	1004.38
49.25	1005
49.3	1004.38
49.35	1004.38
49.4	1005
49.45	1005.62
49.5	1005
49.55	1005
49.6	1005
49.65	1004.38
49.7	1003.12
49.75	1005.62
49.8	1005.62
49.85	1004.38
49.9	1005.62
49.95	1006.25
50	1005
50.05	1005
50.1	1005.62
50.15	1004.38
50.2	1005.62
50.25	1005.62
50.3	1005.62
50.35	1005.62
50.4	1004.38
50.45	1005
50.5	1005
50.55	1005.62
50.6	1005
50.65	1005.62
50.7	1005
50.75	1004.38
50.8	1004.38
50.85	1005.62
50.9	1005
50.95	1005
51	1003.75
51.05	1006.88
51.1	1004.38
51.15	1004.38
51.2	1006.25
51.25	1003.75
51.3	1004.38
51.35	1005
51.4	1004.38
51.45	1005.62
51.5	1005
51.55	1005.62
51.6	1003.75
51.65	1005
51.7	1004.38
51.75	1005
51.8	1005
51.85	1005
51.9	1005
51.95	1005.62
52	1005
52.05	1005
52.1	1005.62
52.15	1005.62
52.2	1005.62
52.25	1004.38
52.3	1004.38
52.35	1005
52.4	1004.38
52.45	1005.62
52.5	1005
52.55	1004.38
52.6	1005
52.65	1005
52.7	1005
52.75	1005
52.8	1005
52.85	1004.38
52.9	1004.38
52.95	1005
53	1004.38
53.05	1005
53.1	1005
53.15	1005
53.2	1005
53.25	1005.62
53.3	1005
53.35	1004.38
53.4	1005
53.45	1005
53.5	1005
53.55	1006.25
53.6	1006.25
53.65	1005
53.7	1004.38
53.75	1005
53.8	1005
53.85	1006.25
53.9	1004.38
53.95	1005
54	1006.25
54.05	1005
54.1	1003.75
54.15	1005.62
54.2	1005
54.25	1005
54.3	1005
54.35	1005.62
54.4	1005
54.45	1005.62
54.5	1005
54.55	1003.75
54.6	1005
54.65	1005
54.7	1006.25
54.75	1005
54.8	1005.62
54.85	1004.38
54.9	1006.25
54.95	1004.38
55	1004.38
55.05	1005.62
55.1	244.375
55.15	110
55.2	103.125
55.25	104.375
55.3	102.5
55.35	103.75
55.4	103.75
55.45	102.5
55.5	101.875
55.55	103.125
55.6	103.75
55.65	103.125
55.7	103.125
55.75	101.875
55.8	102.5
55.85	101.875
55.9	101.875
55.95	103.75
56	102.5
56.05	102.5
56.1	102.5
56.15	102.5
56.2	103.125
56.25	102.5
56.3	103.125
56.35	103.75
56.4	103.75
56.45	103.75
56.5	103.125
56.55	102.5
56.6	103.75
56.65	103.125
56.7	102.5
56.75	103.75
56.8	102.5
56.85	103.125
56.9	102.5
56.95	102.5
57	102.5
57.05	103.125
57.1	101.875
57.15	102.5
57.2	103.125
57.25	103.75
57.3	103.125
57.35	102.5
57.4	102.5
57.45	103.125
57.5	103.125
57.55	103.125
57.6	101.875
57.65	101.875
57.7	104.375
57.75	102.5
57.8	103.125
57.85	103.125
57.9	103.75
57.95	103.125
58	103.75
58.05	102.5
58.1	103.125
58.15	102.5
58.2	104.375
58.25	103.75
58.3	103.125
58.35	103.125
58.4	102.5
58.45	103.75
58.5	103.125
58.55	102.5
58.6	102.5
58.65	105
58.7	103.125
58.75	103.125
58.8	102.5
58.85	103.125
58.9	103.125
58.95	103.75
59	103.125
59.05	103.75
59.1	103.125
59.15	103.125
59.2	102.5
59.25	103.125
59.3	102.5
59.35	102.5
59.4	103.125
59.45	102.5
59.5	103.125
59.55	103.125
59.6	103.125
59.65	103.75
59.7	102.5
59.75	102.5
59.8	103.125
59.85	103.75
59.9	102.5
59.95	102.5
