#
# VERSION#2
# DATE#08/09/2015 (3)
# TIME#14:48:41
# DATETIME#3524568521
# PROTOCOLDEF##	Stimulus	Name	In	Out	Sweep	Rep	Wait	Group	Execute	Trig	
# PROTOCOL#7	30	APWaveform	0;1;2;3	0;1;2;3	6	0	0	ECall			
# STIMULUSDEF##	Name	Analog	Parameters	Digital	Units	Scale	Sampling	Duration	
# STIMULUS0#30	APWaveform	Pulse($, 0.005, 0.05)	200:40:400		A	1e-12	50	0.06	
# SWEEPNUM#2/6
# GROUP#ECall
# EXECUTE#
# TRIG#
# 
# PATTERN#30
# IN#0;1;2;3
# OUT#0;1;2;3
# SWEEP#6
# REP#0
# WAIT#0
# PATTERNNAME0#APWaveform
# ANALOG0#Pulse($, 0.005, 0.05)
# SWEEP0#200:40:400
# DIGITAL0#
# UNITS0#A
# GAIN0#1e-12
# SAMPLING0#50
# DURATION0#0.06
# DACNAME0#DAC0
# DACUNITS0#V
# DACGAIN0#2.5e9
# DACSCALE0#2.5
# {
#    "topFullScale": 0.0, 
#    "fsValid": 0, 
#    "dLock": 0, 
#    "dataUnits": [
#        "V", 
#        "", 
#        "", 
#        ""
#    ], 
#    "formula": 0, 
#    "dimLabels": [
#        0, 
#        0, 
#        0, 
#        0
#    ], 
#    "depID": 3188, 
#    "next": 469661284, 
#    "whUnused": [
#        1, 
#        1, 
#        0, 
#        0, 
#        0, 
#        0, 
#        0, 
#        0, 
#        0, 
#        0, 
#        0, 
#        0, 
#        0, 
#        0, 
#        0, 
#        0
#    ], 
#    "swModified": 0, 
#    "whpad4": 2, 
#    "whpad2": 0, 
#    "whpad3": 0, 
#    "whpad1": [
#        "", 
#        "", 
#        "", 
#        "", 
#        "", 
#        ""
#    ], 
#    "modDate": 3568124597, 
#    "waveNoteH": 469661276, 
#    "dimEUnits": [
#        0, 
#        0, 
#        0, 
#        0
#    ], 
#    "wModified": 1, 
#    "type": 2, 
#    "useBits": "\u0000", 
#    "botFullScale": 0.0, 
#    "whVersion": 1, 
#    "dimUnits": [
#        [
#            "s", 
#            "", 
#            "", 
#            ""
#        ], 
#        [
#            "", 
#            "", 
#            "", 
#            ""
#        ], 
#        [
#            "", 
#            "", 
#            "", 
#            ""
#        ], 
#        [
#            "", 
#            "", 
#            "", 
#            ""
#        ]
#    ], 
#    "fileName": 0, 
#    "aModified": 0, 
#    "creationDate": 3524568521, 
#    "dataEUnits": 0, 
#    "dFolder": 21357220, 
#    "nDim": [
#        1200, 
#        0, 
#        0, 
#        0
#    ], 
#    "kindBits": "\u0000", 
#    "npnts": 1200, 
#    "bname": "ECall_APWaveform_ch2_523", 
#    "srcFldr": 0, 
#    "sIndices": 0, 
#    "sfB": [
#        0.0, 
#        0.0, 
#        0.0, 
#        0.0
#    ], 
#    "sfA": [
#        5e-05, 
#        1.0, 
#        1.0, 
#        1.0
#    ]
#}
0	103.125
0.05	103.125
0.1	103.125
0.15	103.125
0.2	102.5
0.25	103.75
0.3	102.5
0.35	103.125
0.4	103.125
0.45	102.5
0.5	103.75
0.55	103.125
0.6	102.5
0.65	103.125
0.7	102.5
0.75	103.125
0.8	103.125
0.85	103.75
0.9	102.5
0.95	102.5
1	103.125
1.05	103.75
1.1	103.125
1.15	103.125
1.2	101.875
1.25	102.5
1.3	103.125
1.35	103.125
1.4	103.125
1.45	101.875
1.5	102.5
1.55	103.125
1.6	103.125
1.65	103.75
1.7	103.75
1.75	102.5
1.8	102.5
1.85	102.5
1.9	103.125
1.95	103.125
2	102.5
2.05	101.875
2.1	103.75
2.15	102.5
2.2	103.125
2.25	103.125
2.3	103.125
2.35	103.75
2.4	102.5
2.45	102.5
2.5	102.5
2.55	102.5
2.6	103.75
2.65	103.125
2.7	103.75
2.75	103.125
2.8	103.125
2.85	102.5
2.9	102.5
2.95	102.5
3	103.75
3.05	103.125
3.1	103.125
3.15	102.5
3.2	103.75
3.25	101.875
3.3	103.75
3.35	101.875
3.4	103.125
3.45	102.5
3.5	103.75
3.55	103.125
3.6	103.125
3.65	103.125
3.7	103.125
3.75	103.75
3.8	103.125
3.85	101.875
3.9	103.125
3.95	103.125
4	103.125
4.05	103.125
4.1	103.125
4.15	103.125
4.2	103.125
4.25	103.125
4.3	103.75
4.35	103.125
4.4	102.5
4.45	103.75
4.5	103.75
4.55	101.875
4.6	103.125
4.65	103.125
4.7	103.75
4.75	101.875
4.8	103.125
4.85	104.375
4.9	101.875
4.95	103.75
5	102.5
5.05	990
5.1	1147.5
5.15	1155
5.2	1155
5.25	1153.75
5.3	1155
5.35	1155.62
5.4	1155.62
5.45	1155
5.5	1155
5.55	1154.38
5.6	1155.62
5.65	1155
5.7	1154.38
5.75	1156.25
5.8	1155
5.85	1154.38
5.9	1155
5.95	1153.75
6	1155.62
6.05	1155
6.1	1154.38
6.15	1155.62
6.2	1155.62
6.25	1155
6.3	1155
6.35	1155
6.4	1155.62
6.45	1155.62
6.5	1155
6.55	1155
6.6	1155.62
6.65	1155
6.7	1154.38
6.75	1156.25
6.8	1155.62
6.85	1154.38
6.9	1155
6.95	1155
7	1155
7.05	1156.25
7.1	1155.62
7.15	1155
7.2	1155
7.25	1155.62
7.3	1155.62
7.35	1154.38
7.4	1155.62
7.45	1155.62
7.5	1154.38
7.55	1154.38
7.6	1155.62
7.65	1155.62
7.7	1156.25
7.75	1155.62
7.8	1154.38
7.85	1155
7.9	1154.38
7.95	1154.38
8	1155.62
8.05	1155.62
8.1	1155
8.15	1156.25
8.2	1155.62
8.25	1154.38
8.3	1155
8.35	1155.62
8.4	1155.62
8.45	1154.38
8.5	1155
8.55	1155
8.6	1156.25
8.65	1153.75
8.7	1155
8.75	1155
8.8	1155
8.85	1155.62
8.9	1155
8.95	1155
9	1155.62
9.05	1154.38
9.1	1154.38
9.15	1155.62
9.2	1156.25
9.25	1156.25
9.3	1155
9.35	1155
9.4	1156.25
9.45	1155
9.5	1155
9.55	1156.25
9.6	1153.75
9.65	1155.62
9.7	1155
9.75	1156.25
9.8	1155.62
9.85	1155.62
9.9	1156.25
9.95	1154.38
10	1154.38
10.05	1155
10.1	1154.38
10.15	1155.62
10.2	1156.25
10.25	1155
10.3	1155.62
10.35	1155.62
10.4	1155
10.45	1155.62
10.5	1154.38
10.55	1155
10.6	1156.25
10.65	1156.25
10.7	1156.25
10.75	1155.62
10.8	1155.62
10.85	1155.62
10.9	1155.62
10.95	1154.38
11	1156.25
11.05	1156.25
11.1	1155
11.15	1155
11.2	1155.62
11.25	1154.38
11.3	1154.38
11.35	1156.25
11.4	1154.38
11.45	1156.25
11.5	1155.62
11.55	1155.62
11.6	1155.62
11.65	1155.62
11.7	1155
11.75	1155
11.8	1154.38
11.85	1156.25
11.9	1155
11.95	1155
12	1155.62
12.05	1155.62
12.1	1155.62
12.15	1154.38
12.2	1155
12.25	1154.38
12.3	1156.25
12.35	1155
12.4	1155.62
12.45	1155
12.5	1155
12.55	1155.62
12.6	1154.38
12.65	1155.62
12.7	1155.62
12.75	1155
12.8	1155
12.85	1155.62
12.9	1154.38
12.95	1155
13	1155
13.05	1155
13.1	1155.62
13.15	1154.38
13.2	1154.38
13.25	1155.62
13.3	1155.62
13.35	1155
13.4	1155
13.45	1155
13.5	1156.25
13.55	1155
13.6	1155.62
13.65	1153.75
13.7	1155.62
13.75	1155.62
13.8	1154.38
13.85	1154.38
13.9	1154.38
13.95	1155
14	1155.62
14.05	1154.38
14.1	1154.38
14.15	1153.75
14.2	1155.62
14.25	1155
14.3	1155
14.35	1155.62
14.4	1155
14.45	1153.75
14.5	1155
14.55	1156.25
14.6	1155.62
14.65	1155
14.7	1155
14.75	1155
14.8	1156.25
14.85	1155.62
14.9	1155.62
14.95	1155.62
15	1155.62
15.05	1155
15.1	1155
15.15	1155.62
15.2	1155
15.25	1155
15.3	1153.75
15.35	1155
15.4	1155.62
15.45	1155.62
15.5	1155
15.55	1154.38
15.6	1156.25
15.65	1155
15.7	1155
15.75	1155
15.8	1155
15.85	1156.25
15.9	1155.62
15.95	1155
16	1156.25
16.05	1155
16.1	1155
16.15	1156.25
16.2	1155.62
16.25	1155
16.3	1155
16.35	1155.62
16.4	1155.62
16.45	1155.62
16.5	1155
16.55	1155
16.6	1155
16.65	1156.88
16.7	1153.75
16.75	1156.25
16.8	1155.62
16.85	1155.62
16.9	1154.38
16.95	1154.38
17	1155
17.05	1156.25
17.1	1153.75
17.15	1155
17.2	1155.62
17.25	1155.62
17.3	1156.25
17.35	1155.62
17.4	1155
17.45	1155
17.5	1155.62
17.55	1155
17.6	1155.62
17.65	1154.38
17.7	1155
17.75	1155.62
17.8	1155
17.85	1155
17.9	1155.62
17.95	1155
18	1156.88
18.05	1156.25
18.1	1155.62
18.15	1155.62
18.2	1154.38
18.25	1155
18.3	1153.75
18.35	1155.62
18.4	1155.62
18.45	1155.62
18.5	1154.38
18.55	1155
18.6	1155
18.65	1155
18.7	1154.38
18.75	1156.25
18.8	1155
18.85	1155.62
18.9	1155
18.95	1155.62
19	1155
19.05	1154.38
19.1	1154.38
19.15	1156.25
19.2	1154.38
19.25	1155.62
19.3	1155
19.35	1154.38
19.4	1155.62
19.45	1155.62
19.5	1155.62
19.55	1155
19.6	1156.25
19.65	1155
19.7	1156.25
19.75	1155
19.8	1155.62
19.85	1153.75
19.9	1156.25
19.95	1155
20	1155.62
20.05	1155
20.1	1155
20.15	1155
20.2	1156.88
20.25	1155.62
20.3	1155
20.35	1155.62
20.4	1155
20.45	1156.25
20.5	1155
20.55	1156.25
20.6	1155
20.65	1156.25
20.7	1155
20.75	1155.62
20.8	1154.38
20.85	1155.62
20.9	1156.25
20.95	1155
21	1153.12
21.05	1155
21.1	1155.62
21.15	1155.62
21.2	1155.62
21.25	1155
21.3	1155.62
21.35	1156.25
21.4	1156.25
21.45	1155
21.5	1155
21.55	1155.62
21.6	1155
21.65	1155.62
21.7	1155.62
21.75	1156.25
21.8	1156.25
21.85	1156.25
21.9	1153.75
21.95	1154.38
22	1156.25
22.05	1155.62
22.1	1155
22.15	1156.25
22.2	1155
22.25	1156.25
22.3	1155
22.35	1155
22.4	1155.62
22.45	1155
22.5	1154.38
22.55	1155
22.6	1156.25
22.65	1154.38
22.7	1155
22.75	1155.62
22.8	1155.62
22.85	1156.25
22.9	1155
22.95	1155.62
23	1155.62
23.05	1155
23.1	1155.62
23.15	1155
23.2	1155.62
23.25	1155
23.3	1155
23.35	1155
23.4	1153.75
23.45	1155.62
23.5	1156.25
23.55	1155.62
23.6	1155
23.65	1155.62
23.7	1156.25
23.75	1155
23.8	1155
23.85	1155
23.9	1156.25
23.95	1155.62
24	1155
24.05	1155.62
24.1	1155.62
24.15	1155.62
24.2	1155
24.25	1156.25
24.3	1155
24.35	1154.38
24.4	1155
24.45	1155
24.5	1155
24.55	1155.62
24.6	1155
24.65	1155
24.7	1155.62
24.75	1154.38
24.8	1155.62
24.85	1155
24.9	1155
24.95	1155
25	1155
25.05	1155.62
25.1	1155.62
25.15	1154.38
25.2	1155.62
25.25	1155
25.3	1155
25.35	1155.62
25.4	1155
25.45	1155
25.5	1156.25
25.55	1154.38
25.6	1155.62
25.65	1154.38
25.7	1156.25
25.75	1155.62
25.8	1155
25.85	1155
25.9	1155.62
25.95	1155
26	1155
26.05	1155
26.1	1155
26.15	1156.88
26.2	1154.38
26.25	1155.62
26.3	1155.62
26.35	1155
26.4	1155.62
26.45	1155
26.5	1155.62
26.55	1155
26.6	1155.62
26.65	1153.75
26.7	1154.38
26.75	1154.38
26.8	1155
26.85	1155
26.9	1155.62
26.95	1156.25
27	1155
27.05	1155.62
27.1	1156.25
27.15	1155
27.2	1155
27.25	1156.25
27.3	1155.62
27.35	1155
27.4	1155.62
27.45	1155
27.5	1155
27.55	1154.38
27.6	1155
27.65	1155.62
27.7	1155.62
27.75	1156.25
27.8	1155.62
27.85	1155.62
27.9	1156.25
27.95	1155.62
28	1156.88
28.05	1154.38
28.1	1155
28.15	1155
28.2	1155
28.25	1154.38
28.3	1156.25
28.35	1154.38
28.4	1156.25
28.45	1155
28.5	1155
28.55	1155
28.6	1155
28.65	1156.25
28.7	1155
28.75	1155.62
28.8	1155
28.85	1155.62
28.9	1155.62
28.95	1156.25
29	1155.62
29.05	1155
29.1	1156.25
29.15	1155
29.2	1155
29.25	1155
29.3	1154.38
29.35	1155
29.4	1154.38
29.45	1155
29.5	1156.25
29.55	1155
29.6	1155
29.65	1155.62
29.7	1155.62
29.75	1155
29.8	1155
29.85	1156.25
29.9	1156.25
29.95	1155.62
30	1155
30.05	1156.25
30.1	1155
30.15	1156.25
30.2	1155
30.25	1155
30.3	1154.38
30.35	1155.62
30.4	1155
30.45	1155.62
30.5	1155.62
30.55	1154.38
30.6	1156.25
30.65	1155.62
30.7	1156.25
30.75	1155
30.8	1154.38
30.85	1154.38
30.9	1154.38
30.95	1155.62
31	1155.62
31.05	1155.62
31.1	1155
31.15	1155
31.2	1155.62
31.25	1156.25
31.3	1156.25
31.35	1156.25
31.4	1155.62
31.45	1155.62
31.5	1155.62
31.55	1155.62
31.6	1155
31.65	1155.62
31.7	1154.38
31.75	1156.25
31.8	1155.62
31.85	1154.38
31.9	1155
31.95	1156.25
32	1155
32.05	1154.38
32.1	1156.25
32.15	1155.62
32.2	1154.38
32.25	1155.62
32.3	1155
32.35	1156.25
32.4	1155.62
32.45	1155
32.5	1155
32.55	1156.25
32.6	1155
32.65	1155
32.7	1154.38
32.75	1155
32.8	1155.62
32.85	1155
32.9	1155
32.95	1155
33	1155.62
33.05	1155.62
33.1	1156.88
33.15	1155
33.2	1155.62
33.25	1155.62
33.3	1155
33.35	1154.38
33.4	1155
33.45	1155
33.5	1154.38
33.55	1155.62
33.6	1155
33.65	1156.25
33.7	1155.62
33.75	1155
33.8	1153.75
33.85	1155
33.9	1154.38
33.95	1154.38
34	1154.38
34.05	1156.25
34.1	1154.38
34.15	1155
34.2	1155.62
34.25	1155.62
34.3	1155
34.35	1155
34.4	1155
34.45	1155.62
34.5	1155.62
34.55	1156.25
34.6	1154.38
34.65	1155.62
34.7	1156.25
34.75	1155.62
34.8	1155
34.85	1155.62
34.9	1156.88
34.95	1155.62
35	1155
35.05	1155.62
35.1	1156.25
35.15	1155
35.2	1153.75
35.25	1155
35.3	1155.62
35.35	1155.62
35.4	1155.62
35.45	1154.38
35.5	1155.62
35.55	1155
35.6	1154.38
35.65	1156.25
35.7	1155.62
35.75	1154.38
35.8	1155
35.85	1155.62
35.9	1155
35.95	1155.62
36	1155.62
36.05	1156.88
36.1	1155.62
36.15	1155.62
36.2	1154.38
36.25	1154.38
36.3	1156.25
36.35	1156.25
36.4	1155.62
36.45	1154.38
36.5	1155.62
36.55	1155.62
36.6	1155
36.65	1155.62
36.7	1155.62
36.75	1155
36.8	1155.62
36.85	1155.62
36.9	1154.38
36.95	1155
37	1154.38
37.05	1156.25
37.1	1155
37.15	1155.62
37.2	1155
37.25	1156.25
37.3	1155.62
37.35	1155.62
37.4	1155
37.45	1155.62
37.5	1155
37.55	1155
37.6	1155.62
37.65	1154.38
37.7	1154.38
37.75	1155
37.8	1156.25
37.85	1156.25
37.9	1156.25
37.95	1155.62
38	1153.75
38.05	1155.62
38.1	1155
38.15	1155.62
38.2	1156.25
38.25	1156.25
38.3	1154.38
38.35	1154.38
38.4	1155
38.45	1155.62
38.5	1155
38.55	1155.62
38.6	1155.62
38.65	1155
38.7	1155
38.75	1155.62
38.8	1155.62
38.85	1155
38.9	1155.62
38.95	1155.62
39	1156.25
39.05	1155
39.1	1155.62
39.15	1155.62
39.2	1155
39.25	1155
39.3	1156.25
39.35	1155.62
39.4	1156.25
39.45	1156.25
39.5	1156.25
39.55	1155.62
39.6	1155.62
39.65	1155
39.7	1154.38
39.75	1156.25
39.8	1155
39.85	1156.25
39.9	1155.62
39.95	1155.62
40	1155.62
40.05	1155.62
40.1	1155
40.15	1154.38
40.2	1156.25
40.25	1155
40.3	1155
40.35	1155
40.4	1155.62
40.45	1153.75
40.5	1155.62
40.55	1156.25
40.6	1156.25
40.65	1154.38
40.7	1156.25
40.75	1155
40.8	1155.62
40.85	1155.62
40.9	1155
40.95	1155
41	1155
41.05	1154.38
41.1	1155
41.15	1154.38
41.2	1155.62
41.25	1155.62
41.3	1154.38
41.35	1154.38
41.4	1155
41.45	1155
41.5	1155.62
41.55	1154.38
41.6	1154.38
41.65	1155
41.7	1155
41.75	1155
41.8	1155.62
41.85	1155
41.9	1155
41.95	1156.25
42	1155.62
42.05	1155.62
42.1	1155.62
42.15	1155
42.2	1156.25
42.25	1155
42.3	1155
42.35	1154.38
42.4	1155
42.45	1155.62
42.5	1156.25
42.55	1155.62
42.6	1155
42.65	1154.38
42.7	1155
42.75	1155.62
42.8	1155
42.85	1156.25
42.9	1155.62
42.95	1156.25
43	1156.25
43.05	1155
43.1	1155
43.15	1155
43.2	1155
43.25	1155.62
43.3	1155
43.35	1155
43.4	1155
43.45	1155
43.5	1155.62
43.55	1156.25
43.6	1155
43.65	1155
43.7	1155
43.75	1155
43.8	1155
43.85	1155
43.9	1155
43.95	1155.62
44	1155
44.05	1156.25
44.1	1155
44.15	1156.88
44.2	1155.62
44.25	1155.62
44.3	1155.62
44.35	1155
44.4	1155
44.45	1155.62
44.5	1155.62
44.55	1155
44.6	1155
44.65	1156.25
44.7	1154.38
44.75	1155.62
44.8	1154.38
44.85	1155
44.9	1157.5
44.95	1155
45	1155
45.05	1155
45.1	1155
45.15	1155.62
45.2	1155
45.25	1155
45.3	1156.25
45.35	1154.38
45.4	1155
45.45	1156.25
45.5	1155
45.55	1156.25
45.6	1155.62
45.65	1154.38
45.7	1155.62
45.75	1155
45.8	1155.62
45.85	1156.25
45.9	1154.38
45.95	1155
46	1155
46.05	1155
46.1	1153.75
46.15	1155.62
46.2	1156.25
46.25	1155.62
46.3	1154.38
46.35	1155
46.4	1155
46.45	1155.62
46.5	1154.38
46.55	1155
46.6	1155.62
46.65	1154.38
46.7	1155.62
46.75	1155
46.8	1155
46.85	1157.5
46.9	1154.38
46.95	1155
47	1156.25
47.05	1155
47.1	1155
47.15	1154.38
47.2	1155.62
47.25	1155.62
47.3	1154.38
47.35	1155
47.4	1155.62
47.45	1155.62
47.5	1155.62
47.55	1155
47.6	1155.62
47.65	1155.62
47.7	1155
47.75	1155
47.8	1155.62
47.85	1155
47.9	1155.62
47.95	1155
48	1154.38
48.05	1155.62
48.1	1154.38
48.15	1154.38
48.2	1155
48.25	1155.62
48.3	1155.62
48.35	1155
48.4	1155
48.45	1154.38
48.5	1155
48.55	1155
48.6	1155.62
48.65	1154.38
48.7	1155
48.75	1155
48.8	1155
48.85	1155
48.9	1155.62
48.95	1155
49	1156.25
49.05	1155
49.1	1156.25
49.15	1155.62
49.2	1156.25
49.25	1156.25
49.3	1155.62
49.35	1153.75
49.4	1155
49.45	1154.38
49.5	1156.25
49.55	1154.38
49.6	1154.38
49.65	1156.25
49.7	1155
49.75	1155
49.8	1155.62
49.85	1156.25
49.9	1155
49.95	1155.62
50	1155
50.05	1155.62
50.1	1155.62
50.15	1155.62
50.2	1155
50.25	1155.62
50.3	1155.62
50.35	1155
50.4	1155.62
50.45	1156.25
50.5	1155
50.55	1155.62
50.6	1156.88
50.65	1155
50.7	1155
50.75	1154.38
50.8	1155
50.85	1155.62
50.9	1156.25
50.95	1156.25
51	1155
51.05	1155
51.1	1155
51.15	1155.62
51.2	1155
51.25	1153.75
51.3	1155.62
51.35	1155
51.4	1155
51.45	1155.62
51.5	1155
51.55	1155
51.6	1155.62
51.65	1156.25
51.7	1155.62
51.75	1155.62
51.8	1154.38
51.85	1155
51.9	1155.62
51.95	1155
52	1154.38
52.05	1155
52.1	1154.38
52.15	1154.38
52.2	1156.25
52.25	1155.62
52.3	1155.62
52.35	1155
52.4	1156.25
52.45	1155
52.5	1155
52.55	1155
52.6	1154.38
52.65	1155
52.7	1154.38
52.75	1155.62
52.8	1156.25
52.85	1155
52.9	1156.25
52.95	1154.38
53	1155
53.05	1155.62
53.1	1155
53.15	1155.62
53.2	1155
53.25	1155.62
53.3	1156.25
53.35	1154.38
53.4	1155
53.45	1155
53.5	1155.62
53.55	1155.62
53.6	1155
53.65	1155.62
53.7	1154.38
53.75	1155.62
53.8	1155
53.85	1155.62
53.9	1155.62
53.95	1156.25
54	1154.38
54.05	1156.25
54.1	1155.62
54.15	1155
54.2	1156.88
54.25	1155
54.3	1156.25
54.35	1153.75
54.4	1155
54.45	1154.38
54.5	1155
54.55	1156.25
54.6	1156.25
54.65	1155.62
54.7	1156.25
54.75	1153.75
54.8	1154.38
54.85	1155
54.9	1155
54.95	1155
55	1154.38
55.05	1155
55.1	268.125
55.15	110
55.2	103.125
55.25	104.375
55.3	105
55.35	103.125
55.4	103.125
55.45	103.125
55.5	102.5
55.55	101.875
55.6	103.75
55.65	102.5
55.7	103.125
55.75	103.125
55.8	103.125
55.85	104.375
55.9	102.5
55.95	103.75
56	103.125
56.05	102.5
56.1	102.5
56.15	103.75
56.2	102.5
56.25	102.5
56.3	103.125
56.35	103.125
56.4	101.875
56.45	102.5
56.5	103.75
56.55	103.125
56.6	103.125
56.65	102.5
56.7	102.5
56.75	103.125
56.8	102.5
56.85	101.875
56.9	102.5
56.95	102.5
57	103.125
57.05	103.75
57.1	101.875
57.15	103.125
57.2	103.125
57.25	102.5
57.3	103.75
57.35	102.5
57.4	103.125
57.45	101.875
57.5	103.75
57.55	102.5
57.6	103.125
57.65	102.5
57.7	103.75
57.75	103.75
57.8	103.125
57.85	102.5
57.9	103.75
57.95	103.125
58	103.125
58.05	101.875
58.1	103.125
58.15	103.125
58.2	103.75
58.25	102.5
58.3	103.125
58.35	103.75
58.4	102.5
58.45	102.5
58.5	103.125
58.55	101.875
58.6	104.375
58.65	102.5
58.7	102.5
58.75	104.375
58.8	103.125
58.85	103.125
58.9	103.125
58.95	103.125
59	102.5
59.05	102.5
59.1	103.125
59.15	102.5
59.2	102.5
59.25	102.5
59.3	102.5
59.35	102.5
59.4	103.125
59.45	103.125
59.5	101.875
59.55	103.75
59.6	101.875
59.65	102.5
59.7	103.125
59.75	102.5
59.8	103.75
59.85	102.5
59.9	103.75
59.95	101.875
