#
# VERSION#2
# DATE#08/09/2015 (3)
# TIME#14:48:42
# DATETIME#3524568522
# PROTOCOLDEF##	Stimulus	Name	In	Out	Sweep	Rep	Wait	Group	Execute	Trig	
# PROTOCOL#7	30	APWaveform	0;1;2;3	0;1;2;3	6	0	0	ECall			
# STIMULUSDEF##	Name	Analog	Parameters	Digital	Units	Scale	Sampling	Duration	
# STIMULUS0#30	APWaveform	Pulse($, 0.005, 0.05)	200:40:400		A	1e-12	50	0.06	
# SWEEPNUM#4/6
# GROUP#ECall
# EXECUTE#
# TRIG#
# 
# PATTERN#30
# IN#0;1;2;3
# OUT#0;1;2;3
# SWEEP#6
# REP#0
# WAIT#0
# PATTERNNAME0#APWaveform
# ANALOG0#Pulse($, 0.005, 0.05)
# SWEEP0#200:40:400
# DIGITAL0#
# UNITS0#A
# GAIN0#1e-12
# SAMPLING0#50
# DURATION0#0.06
# DACNAME0#DAC0
# DACUNITS0#V
# DACGAIN0#2.5e9
# DACSCALE0#2.5
# {
#    "topFullScale": 0.0, 
#    "fsValid": 0, 
#    "dLock": 0, 
#    "dataUnits": [
#        "V", 
#        "", 
#        "", 
#        ""
#    ], 
#    "formula": 0, 
#    "dimLabels": [
#        0, 
#        0, 
#        0, 
#        0
#    ], 
#    "depID": 3212, 
#    "next": 469661356, 
#    "whUnused": [
#        1, 
#        1, 
#        0, 
#        0, 
#        0, 
#        0, 
#        0, 
#        0, 
#        0, 
#        0, 
#        0, 
#        0, 
#        0, 
#        0, 
#        0, 
#        0
#    ], 
#    "swModified": 0, 
#    "whpad4": 2, 
#    "whpad2": 0, 
#    "whpad3": 0, 
#    "whpad1": [
#        "", 
#        "", 
#        "", 
#        "", 
#        "", 
#        ""
#    ], 
#    "modDate": 3568124597, 
#    "waveNoteH": 469661352, 
#    "dimEUnits": [
#        0, 
#        0, 
#        0, 
#        0
#    ], 
#    "wModified": 1, 
#    "type": 2, 
#    "useBits": "\u0000", 
#    "botFullScale": 0.0, 
#    "whVersion": 1, 
#    "dimUnits": [
#        [
#            "s", 
#            "", 
#            "", 
#            ""
#        ], 
#        [
#            "", 
#            "", 
#            "", 
#            ""
#        ], 
#        [
#            "", 
#            "", 
#            "", 
#            ""
#        ], 
#        [
#            "", 
#            "", 
#            "", 
#            ""
#        ]
#    ], 
#    "fileName": 0, 
#    "aModified": 0, 
#    "creationDate": 3524568522, 
#    "dataEUnits": 0, 
#    "dFolder": 21357220, 
#    "nDim": [
#        1200, 
#        0, 
#        0, 
#        0
#    ], 
#    "kindBits": "\u0000", 
#    "npnts": 1200, 
#    "bname": "ECall_APWaveform_ch2_525", 
#    "srcFldr": 0, 
#    "sIndices": 0, 
#    "sfB": [
#        0.0, 
#        0.0, 
#        0.0, 
#        0.0
#    ], 
#    "sfA": [
#        5e-05, 
#        1.0, 
#        1.0, 
#        1.0
#    ]
#}
0	103.125
0.05	102.5
0.1	103.75
0.15	101.875
0.2	103.125
0.25	102.5
0.3	103.75
0.35	104.375
0.4	103.125
0.45	103.125
0.5	103.75
0.55	102.5
0.6	103.125
0.65	102.5
0.7	102.5
0.75	103.125
0.8	103.125
0.85	103.125
0.9	103.125
0.95	103.125
1	103.125
1.05	103.75
1.1	102.5
1.15	103.125
1.2	103.75
1.25	102.5
1.3	103.125
1.35	103.125
1.4	102.5
1.45	102.5
1.5	103.125
1.55	101.875
1.6	103.75
1.65	103.75
1.7	102.5
1.75	102.5
1.8	102.5
1.85	102.5
1.9	102.5
1.95	103.125
2	102.5
2.05	103.125
2.1	103.125
2.15	103.75
2.2	102.5
2.25	103.125
2.3	103.125
2.35	102.5
2.4	103.75
2.45	103.125
2.5	102.5
2.55	102.5
2.6	101.875
2.65	102.5
2.7	101.875
2.75	101.875
2.8	102.5
2.85	103.75
2.9	102.5
2.95	102.5
3	103.125
3.05	102.5
3.1	102.5
3.15	102.5
3.2	103.125
3.25	102.5
3.3	103.125
3.35	103.125
3.4	102.5
3.45	103.75
3.5	102.5
3.55	103.125
3.6	103.125
3.65	102.5
3.7	103.75
3.75	102.5
3.8	103.125
3.85	102.5
3.9	103.125
3.95	103.125
4	103.125
4.05	103.75
4.1	102.5
4.15	103.125
4.2	103.75
4.25	102.5
4.3	103.75
4.35	101.875
4.4	102.5
4.45	103.125
4.5	101.25
4.55	103.75
4.6	102.5
4.65	103.75
4.7	103.75
4.75	103.125
4.8	103.75
4.85	103.125
4.9	102.5
4.95	103.125
5	101.875
5.05	1243.75
5.1	1446.25
5.15	1455
5.2	1453.12
5.25	1454.38
5.3	1455.62
5.35	1455
5.4	1456.25
5.45	1455.62
5.5	1455
5.55	1455
5.6	1455.62
5.65	1454.38
5.7	1455
5.75	1454.38
5.8	1455.62
5.85	1455
5.9	1455
5.95	1456.88
6	1455
6.05	1455.62
6.1	1455
6.15	1454.38
6.2	1453.75
6.25	1455
6.3	1455.62
6.35	1455.62
6.4	1455.62
6.45	1455
6.5	1455
6.55	1455.62
6.6	1455
6.65	1454.38
6.7	1458.12
6.75	1455
6.8	1455.62
6.85	1455
6.9	1454.38
6.95	1455
7	1456.25
7.05	1455.62
7.1	1455.62
7.15	1454.38
7.2	1454.38
7.25	1455
7.3	1455
7.35	1455
7.4	1456.25
7.45	1455
7.5	1455.62
7.55	1456.25
7.6	1456.25
7.65	1455.62
7.7	1454.38
7.75	1455.62
7.8	1455
7.85	1455
7.9	1456.25
7.95	1455
8	1455
8.05	1455.62
8.1	1456.25
8.15	1455
8.2	1455
8.25	1454.38
8.3	1455
8.35	1455.62
8.4	1454.38
8.45	1455
8.5	1453.75
8.55	1455
8.6	1455
8.65	1455
8.7	1455
8.75	1455.62
8.8	1456.25
8.85	1455
8.9	1456.25
8.95	1454.38
9	1454.38
9.05	1455
9.1	1455
9.15	1455.62
9.2	1455
9.25	1456.25
9.3	1455.62
9.35	1455.62
9.4	1456.25
9.45	1455.62
9.5	1455.62
9.55	1455
9.6	1455
9.65	1456.25
9.7	1455
9.75	1454.38
9.8	1455.62
9.85	1455
9.9	1456.25
9.95	1455.62
10	1455
10.05	1456.25
10.1	1455.62
10.15	1455
10.2	1455
10.25	1455
10.3	1455.62
10.35	1454.38
10.4	1455.62
10.45	1455.62
10.5	1455
10.55	1456.25
10.6	1455
10.65	1455
10.7	1456.25
10.75	1455
10.8	1455.62
10.85	1455.62
10.9	1454.38
10.95	1453.75
11	1456.25
11.05	1455
11.1	1456.88
11.15	1454.38
11.2	1454.38
11.25	1455
11.3	1455.62
11.35	1454.38
11.4	1455
11.45	1455
11.5	1455.62
11.55	1455.62
11.6	1455
11.65	1455.62
11.7	1455
11.75	1456.25
11.8	1455
11.85	1455.62
11.9	1455.62
11.95	1455.62
12	1455.62
12.05	1454.38
12.1	1456.25
12.15	1456.25
12.2	1455.62
12.25	1455.62
12.3	1455.62
12.35	1455.62
12.4	1455.62
12.45	1455
12.5	1453.75
12.55	1456.25
12.6	1456.25
12.65	1455.62
12.7	1455.62
12.75	1455.62
12.8	1455.62
12.85	1455
12.9	1456.25
12.95	1455
13	1455.62
13.05	1455.62
13.1	1455
13.15	1455.62
13.2	1456.25
13.25	1454.38
13.3	1455.62
13.35	1455
13.4	1455
13.45	1455
13.5	1456.25
13.55	1455
13.6	1455
13.65	1455.62
13.7	1455.62
13.75	1455
13.8	1454.38
13.85	1455.62
13.9	1455
13.95	1455.62
14	1455.62
14.05	1455
14.1	1454.38
14.15	1455.62
14.2	1454.38
14.25	1454.38
14.3	1455
14.35	1455.62
14.4	1456.25
14.45	1455
14.5	1456.25
14.55	1455
14.6	1456.25
14.65	1455
14.7	1455
14.75	1455
14.8	1455.62
14.85	1455
14.9	1455
14.95	1455.62
15	1455
15.05	1455
15.1	1455.62
15.15	1455.62
15.2	1455.62
15.25	1454.38
15.3	1456.25
15.35	1454.38
15.4	1455.62
15.45	1455.62
15.5	1455
15.55	1456.25
15.6	1455.62
15.65	1455
15.7	1455
15.75	1454.38
15.8	1454.38
15.85	1455.62
15.9	1455.62
15.95	1456.88
16	1454.38
16.05	1455.62
16.1	1456.25
16.15	1455
16.2	1455
16.25	1454.38
16.3	1456.25
16.35	1456.25
16.4	1455
16.45	1456.25
16.5	1455
16.55	1455.62
16.6	1455.62
16.65	1455.62
16.7	1455.62
16.75	1455
16.8	1455
16.85	1455
16.9	1455
16.95	1456.25
17	1455
17.05	1456.25
17.1	1454.38
17.15	1456.25
17.2	1456.25
17.25	1455.62
17.3	1455.62
17.35	1454.38
17.4	1455
17.45	1456.25
17.5	1455.62
17.55	1454.38
17.6	1456.25
17.65	1456.25
17.7	1455.62
17.75	1456.25
17.8	1453.75
17.85	1455
17.9	1455.62
17.95	1455.62
18	1455.62
18.05	1455.62
18.1	1455.62
18.15	1454.38
18.2	1456.25
18.25	1456.88
18.3	1456.25
18.35	1456.25
18.4	1455.62
18.45	1456.25
18.5	1456.25
18.55	1456.25
18.6	1454.38
18.65	1455
18.7	1455
18.75	1454.38
18.8	1456.88
18.85	1455
18.9	1455
18.95	1455
19	1456.25
19.05	1456.25
19.1	1455.62
19.15	1455.62
19.2	1456.25
19.25	1455
19.3	1455
19.35	1455.62
19.4	1455.62
19.45	1455
19.5	1455
19.55	1455.62
19.6	1456.25
19.65	1456.25
19.7	1455
19.75	1455.62
19.8	1455
19.85	1455.62
19.9	1455.62
19.95	1455.62
20	1455
20.05	1455
20.1	1456.25
20.15	1454.38
20.2	1455.62
20.25	1455
20.3	1454.38
20.35	1456.25
20.4	1454.38
20.45	1455
20.5	1455
20.55	1454.38
20.6	1455
20.65	1454.38
20.7	1455
20.75	1455
20.8	1455.62
20.85	1455
20.9	1454.38
20.95	1455
21	1455
21.05	1454.38
21.1	1453.12
21.15	1455.62
21.2	1455
21.25	1455.62
21.3	1455
21.35	1456.25
21.4	1455
21.45	1455.62
21.5	1455
21.55	1455.62
21.6	1455.62
21.65	1456.25
21.7	1455.62
21.75	1456.25
21.8	1455
21.85	1455.62
21.9	1455.62
21.95	1456.25
22	1455.62
22.05	1455.62
22.1	1455
22.15	1455
22.2	1455
22.25	1455
22.3	1455.62
22.35	1456.25
22.4	1454.38
22.45	1456.25
22.5	1455
22.55	1455
22.6	1455.62
22.65	1455.62
22.7	1456.25
22.75	1455
22.8	1455.62
22.85	1456.25
22.9	1455.62
22.95	1456.25
23	1455
23.05	1456.25
23.1	1454.38
23.15	1456.88
23.2	1454.38
23.25	1455.62
23.3	1455
23.35	1455.62
23.4	1455
23.45	1455
23.5	1455.62
23.55	1455
23.6	1455
23.65	1455
23.7	1455
23.75	1455.62
23.8	1455.62
23.85	1456.88
23.9	1454.38
23.95	1456.25
24	1455.62
24.05	1455
24.1	1455.62
24.15	1455.62
24.2	1456.25
24.25	1455.62
24.3	1455.62
24.35	1455.62
24.4	1455.62
24.45	1455.62
24.5	1454.38
24.55	1455.62
24.6	1455
24.65	1456.25
24.7	1455
24.75	1455
24.8	1455
24.85	1455
24.9	1456.25
24.95	1456.25
25	1455.62
25.05	1454.38
25.1	1456.25
25.15	1455.62
25.2	1455
25.25	1455.62
25.3	1455.62
25.35	1454.38
25.4	1456.25
25.45	1455.62
25.5	1454.38
25.55	1455.62
25.6	1455
25.65	1454.38
25.7	1455
25.75	1455
25.8	1455.62
25.85	1456.25
25.9	1456.25
25.95	1455
26	1455
26.05	1455
26.1	1455.62
26.15	1455.62
26.2	1455.62
26.25	1454.38
26.3	1456.25
26.35	1456.25
26.4	1455.62
26.45	1455
26.5	1456.25
26.55	1455
26.6	1456.25
26.65	1455.62
26.7	1454.38
26.75	1455
26.8	1455
26.85	1454.38
26.9	1455.62
26.95	1456.88
27	1455.62
27.05	1455.62
27.1	1455
27.15	1455
27.2	1455
27.25	1455
27.3	1455.62
27.35	1455
27.4	1455
27.45	1455
27.5	1456.25
27.55	1455.62
27.6	1455.62
27.65	1455
27.7	1455
27.75	1455
27.8	1456.25
27.85	1455
27.9	1455.62
27.95	1455
28	1456.25
28.05	1456.25
28.1	1455.62
28.15	1455
28.2	1455.62
28.25	1455
28.3	1456.88
28.35	1456.25
28.4	1456.25
28.45	1455.62
28.5	1454.38
28.55	1455
28.6	1455.62
28.65	1455
28.7	1456.25
28.75	1454.38
28.8	1455.62
28.85	1455
28.9	1455
28.95	1456.25
29	1454.38
29.05	1455
29.1	1455.62
29.15	1455
29.2	1455
29.25	1455.62
29.3	1456.25
29.35	1455
29.4	1455.62
29.45	1456.25
29.5	1455
29.55	1455
29.6	1456.25
29.65	1455.62
29.7	1455.62
29.75	1454.38
29.8	1455
29.85	1455
29.9	1456.25
29.95	1455
30	1455
30.05	1455
30.1	1454.38
30.15	1454.38
30.2	1455.62
30.25	1455.62
30.3	1455.62
30.35	1455
30.4	1455.62
30.45	1455.62
30.5	1455.62
30.55	1455.62
30.6	1455.62
30.65	1455
30.7	1456.25
30.75	1456.25
30.8	1455
30.85	1455
30.9	1455.62
30.95	1455.62
31	1455.62
31.05	1455
31.1	1455
31.15	1455
31.2	1455.62
31.25	1455.62
31.3	1455
31.35	1455.62
31.4	1455
31.45	1455.62
31.5	1455.62
31.55	1454.38
31.6	1454.38
31.65	1455
31.7	1456.25
31.75	1455
31.8	1455.62
31.85	1455
31.9	1455.62
31.95	1455.62
32	1455.62
32.05	1454.38
32.1	1456.25
32.15	1455.62
32.2	1455.62
32.25	1455.62
32.3	1454.38
32.35	1456.25
32.4	1454.38
32.45	1455
32.5	1455.62
32.55	1456.25
32.6	1455
32.65	1455
32.7	1455
32.75	1455
32.8	1455
32.85	1455
32.9	1455.62
32.95	1455
33	1455.62
33.05	1456.25
33.1	1454.38
33.15	1455
33.2	1455.62
33.25	1456.25
33.3	1454.38
33.35	1455
33.4	1455.62
33.45	1455.62
33.5	1455.62
33.55	1455.62
33.6	1456.25
33.65	1455
33.7	1455
33.75	1455.62
33.8	1454.38
33.85	1455.62
33.9	1455
33.95	1455
34	1455.62
34.05	1455
34.1	1456.88
34.15	1453.75
34.2	1456.25
34.25	1455.62
34.3	1455
34.35	1456.25
34.4	1456.25
34.45	1455.62
34.5	1455.62
34.55	1455.62
34.6	1455.62
34.65	1455
34.7	1455.62
34.75	1455.62
34.8	1454.38
34.85	1456.25
34.9	1455.62
34.95	1455.62
35	1456.25
35.05	1454.38
35.1	1455.62
35.15	1455
35.2	1454.38
35.25	1456.25
35.3	1455
35.35	1455.62
35.4	1455.62
35.45	1456.25
35.5	1455
35.55	1455
35.6	1455.62
35.65	1454.38
35.7	1455
35.75	1454.38
35.8	1455
35.85	1453.12
35.9	1455
35.95	1455
36	1455
36.05	1456.25
36.1	1455
36.15	1456.25
36.2	1455
36.25	1455
36.3	1456.25
36.35	1455
36.4	1456.25
36.45	1455
36.5	1456.25
36.55	1455
36.6	1455
36.65	1455.62
36.7	1454.38
36.75	1455.62
36.8	1455.62
36.85	1453.75
36.9	1455.62
36.95	1455.62
37	1454.38
37.05	1455
37.1	1456.25
37.15	1454.38
37.2	1455
37.25	1455
37.3	1456.25
37.35	1455.62
37.4	1455
37.45	1455.62
37.5	1455
37.55	1454.38
37.6	1455.62
37.65	1455.62
37.7	1455
37.75	1455.62
37.8	1454.38
37.85	1455
37.9	1455
37.95	1455
38	1455
38.05	1456.25
38.1	1455.62
38.15	1455
38.2	1455.62
38.25	1456.25
38.3	1456.25
38.35	1455.62
38.4	1455
38.45	1456.25
38.5	1456.25
38.55	1455
38.6	1455.62
38.65	1456.25
38.7	1455
38.75	1454.38
38.8	1455.62
38.85	1455.62
38.9	1455
38.95	1456.25
39	1456.25
39.05	1455.62
39.1	1455
39.15	1455.62
39.2	1455.62
39.25	1455
39.3	1456.25
39.35	1455.62
39.4	1455.62
39.45	1455.62
39.5	1454.38
39.55	1455
39.6	1455.62
39.65	1455.62
39.7	1455.62
39.75	1455
39.8	1456.88
39.85	1454.38
39.9	1455
39.95	1455
40	1454.38
40.05	1456.88
40.1	1455
40.15	1455
40.2	1455
40.25	1456.25
40.3	1455.62
40.35	1454.38
40.4	1455.62
40.45	1455.62
40.5	1455.62
40.55	1455
40.6	1453.75
40.65	1455.62
40.7	1456.25
40.75	1455.62
40.8	1455
40.85	1456.25
40.9	1455
40.95	1455.62
41	1455
41.05	1455.62
41.1	1456.25
41.15	1456.25
41.2	1453.75
41.25	1455
41.3	1456.25
41.35	1455
41.4	1455.62
41.45	1455
41.5	1453.75
41.55	1455.62
41.6	1456.25
41.65	1456.25
41.7	1456.25
41.75	1456.25
41.8	1455.62
41.85	1455.62
41.9	1455
41.95	1455
42	1455
42.05	1455.62
42.1	1454.38
42.15	1455
42.2	1455
42.25	1455.62
42.3	1455
42.35	1455.62
42.4	1455
42.45	1455.62
42.5	1455.62
42.55	1455.62
42.6	1455
42.65	1455.62
42.7	1455
42.75	1455
42.8	1455
42.85	1455
42.9	1455
42.95	1455.62
43	1455.62
43.05	1456.25
43.1	1455.62
43.15	1456.25
43.2	1455.62
43.25	1455
43.3	1456.88
43.35	1455.62
43.4	1456.88
43.45	1456.25
43.5	1455
43.55	1455
43.6	1455
43.65	1454.38
43.7	1455.62
43.75	1455
43.8	1455
43.85	1456.25
43.9	1455
43.95	1455
44	1455
44.05	1455.62
44.1	1455
44.15	1455.62
44.2	1455.62
44.25	1455.62
44.3	1456.25
44.35	1455.62
44.4	1454.38
44.45	1455
44.5	1454.38
44.55	1455
44.6	1455.62
44.65	1455
44.7	1455
44.75	1455.62
44.8	1455
44.85	1455.62
44.9	1455.62
44.95	1455
45	1456.25
45.05	1454.38
45.1	1455.62
45.15	1455
45.2	1455
45.25	1456.25
45.3	1455
45.35	1455.62
45.4	1455.62
45.45	1456.25
45.5	1454.38
45.55	1456.25
45.6	1456.25
45.65	1454.38
45.7	1455
45.75	1456.25
45.8	1454.38
45.85	1455.62
45.9	1455.62
45.95	1454.38
46	1455.62
46.05	1455.62
46.1	1454.38
46.15	1454.38
46.2	1455.62
46.25	1455.62
46.3	1455
46.35	1455.62
46.4	1455.62
46.45	1455.62
46.5	1456.25
46.55	1455.62
46.6	1455
46.65	1455
46.7	1455.62
46.75	1455
46.8	1455
46.85	1456.25
46.9	1456.25
46.95	1453.75
47	1455
47.05	1456.25
47.1	1456.25
47.15	1455
47.2	1455.62
47.25	1455.62
47.3	1456.25
47.35	1456.25
47.4	1455.62
47.45	1455.62
47.5	1456.25
47.55	1455.62
47.6	1455.62
47.65	1455
47.7	1455
47.75	1456.25
47.8	1455
47.85	1454.38
47.9	1455.62
47.95	1456.25
48	1454.38
48.05	1455.62
48.1	1455.62
48.15	1455.62
48.2	1455.62
48.25	1455.62
48.3	1455.62
48.35	1455.62
48.4	1455.62
48.45	1455
48.5	1453.12
48.55	1455.62
48.6	1455.62
48.65	1455
48.7	1455
48.75	1454.38
48.8	1455.62
48.85	1455.62
48.9	1455
48.95	1455.62
49	1455
49.05	1455
49.1	1455.62
49.15	1455
49.2	1456.25
49.25	1455
49.3	1455.62
49.35	1456.25
49.4	1455.62
49.45	1454.38
49.5	1455
49.55	1455.62
49.6	1455.62
49.65	1455.62
49.7	1456.25
49.75	1455.62
49.8	1455.62
49.85	1455
49.9	1456.25
49.95	1456.25
50	1455.62
50.05	1455.62
50.1	1455
50.15	1455.62
50.2	1456.25
50.25	1456.88
50.3	1456.25
50.35	1455
50.4	1455.62
50.45	1456.25
50.5	1455.62
50.55	1455.62
50.6	1455.62
50.65	1455
50.7	1455.62
50.75	1455
50.8	1455.62
50.85	1455.62
50.9	1455
50.95	1455
51	1455
51.05	1456.25
51.1	1455
51.15	1455.62
51.2	1455
51.25	1454.38
51.3	1455
51.35	1455
51.4	1455.62
51.45	1455.62
51.5	1456.25
51.55	1455.62
51.6	1456.25
51.65	1454.38
51.7	1456.88
51.75	1456.25
51.8	1456.25
51.85	1455
51.9	1455
51.95	1455.62
52	1455.62
52.05	1455.62
52.1	1455.62
52.15	1455.62
52.2	1455
52.25	1455
52.3	1455.62
52.35	1456.88
52.4	1456.25
52.45	1456.25
52.5	1456.25
52.55	1455.62
52.6	1455
52.65	1455.62
52.7	1455.62
52.75	1455
52.8	1456.25
52.85	1455.62
52.9	1455
52.95	1456.25
53	1455.62
53.05	1455.62
53.1	1456.25
53.15	1455
53.2	1455.62
53.25	1455
53.3	1456.25
53.35	1455
53.4	1454.38
53.45	1455.62
53.5	1455
53.55	1456.25
53.6	1455
53.65	1455.62
53.7	1455
53.75	1456.25
53.8	1456.25
53.85	1455
53.9	1455
53.95	1455
54	1455
54.05	1455
54.1	1455.62
54.15	1455
54.2	1454.38
54.25	1456.25
54.3	1456.25
54.35	1455
54.4	1455.62
54.45	1455.62
54.5	1455.62
54.55	1455.62
54.6	1455.62
54.65	1455
54.7	1456.25
54.75	1455.62
54.8	1455.62
54.85	1455.62
54.9	1455.62
54.95	1454.38
55	1455.62
55.05	1455
55.1	315
55.15	112.5
55.2	105
55.25	103.75
55.3	103.75
55.35	102.5
55.4	103.75
55.45	102.5
55.5	103.75
55.55	103.125
55.6	102.5
55.65	105
55.7	103.75
55.75	103.75
55.8	103.125
55.85	103.125
55.9	104.375
55.95	102.5
56	102.5
56.05	103.75
56.1	102.5
56.15	103.75
56.2	103.75
56.25	103.75
56.3	104.375
56.35	103.75
56.4	102.5
56.45	103.75
56.5	103.125
56.55	103.75
56.6	103.125
56.65	102.5
56.7	101.875
56.75	103.125
56.8	103.125
56.85	104.375
56.9	103.75
56.95	103.125
57	102.5
57.05	102.5
57.1	103.125
57.15	103.125
57.2	103.75
57.25	102.5
57.3	103.125
57.35	102.5
57.4	102.5
57.45	102.5
57.5	103.125
57.55	102.5
57.6	103.125
57.65	103.75
57.7	104.375
57.75	104.375
57.8	101.875
57.85	103.125
57.9	103.125
57.95	105
58	104.375
58.05	103.75
58.1	102.5
58.15	103.125
58.2	102.5
58.25	102.5
58.3	102.5
58.35	102.5
58.4	103.75
58.45	103.125
58.5	103.125
58.55	103.125
58.6	103.75
58.65	102.5
58.7	102.5
58.75	103.75
58.8	102.5
58.85	101.875
58.9	102.5
58.95	103.125
59	102.5
59.05	103.125
59.1	102.5
59.15	104.375
59.2	103.125
59.25	102.5
59.3	103.125
59.35	103.125
59.4	102.5
59.45	103.125
59.5	102.5
59.55	102.5
59.6	103.75
59.65	102.5
59.7	103.125
59.75	103.125
59.8	103.75
59.85	103.125
59.9	102.5
59.95	103.125
